part number;3d model(step);status;application;series;series description;size;tcc;temp. range;voltage (v);capacitance;tolerance;l (mm);w (mm);thickness (max.)(mm);l2/l3;l4;a;b;p;d.f.(max);i.r (min);endurance (% rv);test method;solderingmethod;aec-q200;capmeasurementcondition;packing;spq (pcs);unitweight(typ);termination;spec sheet link;datasheet;esd_level;esd_max_voltage
CC0201JRX5R5BB104;0201_063_033_033_020_023.STEP;;General Purpose;CC X5R;General purpose X5R;0201 (0603);X5R;-55 to +85°C;6.3;100 nF;±5%;0.60 ±0.03;0.30 ±0.03;0.30 ±0.03;0.10~0.20;0.2;;;;5.00%;1.0 GΩ;150%;IEC-60384;Reflow;No;1 KHz, 1 Vrms;Paper/PE Tape Reel 7 inch;15,000;0.00030 g;Ni-Sn;https://www.yageo.com/en/Chart/Download/pdf/CC0201JRX5R5BB104;https://www.yageo.com/upload/media/product/productsearch/datasheet/mlcc/UPY-GPHC_X5R_4V-to-50V_30.pdf;;
CC0201JRX5R5BB473;0201_063_033_033_020_023.STEP;;General Purpose;CC X5R;General purpose X5R;0201 (0603);X5R;-55 to +85°C;6.3;47 nF;±5%;0.60 ±0.03;0.30 ±0.03;0.30 ±0.03;0.10~0.20;0.2;;;;10.00%;10.0 GΩ;200%;IEC-60384;Reflow;No;1 KHz, 1 Vrms;Paper/PE Tape Reel 7 inch;0;0.00030 g;Ni-Sn;https://www.yageo.com/en/Chart/Download/pdf/CC0201JRX5R5BB473;https://www.yageo.com/upload/media/product/productsearch/datasheet/mlcc/UPY-GPHC_X5R_4V-to-50V_30.pdf;;
CC0201JRX5R6BB104;0201_063_033_033_020_023.STEP;;General Purpose;CC X5R;General purpose X5R;0201 (0603);X5R;-55 to +85°C;10.0;100 nF;±5%;0.60 ±0.03;0.30 ±0.03;0.30 ±0.03;0.10~0.20;0.2;;;;10.00%;1.0 GΩ;150%;IEC-60384;Reflow;No;1 KHz, 1 Vrms;Paper/PE Tape Reel 7 inch;15,000;0.00030 g;Ni-Sn;https://www.yageo.com/en/Chart/Download/pdf/CC0201JRX5R6BB104;https://www.yageo.com/upload/media/product/productsearch/datasheet/mlcc/UPY-GPHC_X5R_4V-to-50V_30.pdf;;
CC0201JRX5R6BB123;0201_063_033_033_020_023.STEP;;General Purpose;CC X5R;General purpose X5R;0201 (0603);X5R;-55 to +85°C;10.0;12 nF;±5%;0.60 ±0.03;0.30 ±0.03;0.30 ±0.03;0.10~0.20;0.2;;;;10.00%;10.0 GΩ;200%;IEC-60384;Reflow;No;1 KHz, 1 Vrms;Paper/PE Tape Reel 7 inch;15,000;0.00030 g;Ni-Sn;https://www.yageo.com/en/Chart/Download/pdf/CC0201JRX5R6BB123;https://www.yageo.com/upload/media/product/productsearch/datasheet/mlcc/UPY-GPHC_X5R_4V-to-50V_30.pdf;;
CC0201KPX5R5BB104;0201_063_033_033_020_023.STEP;;General Purpose;CC X5R;General purpose X5R;0201 (0603);X5R;-55 to +85°C;6.3;100 nF;±10%;0.60 ±0.03;0.30 ±0.03;0.30 ±0.03;0.10~0.20;0.2;;;;5.00%;1.0 GΩ;150%;IEC-60384;Reflow;No;1 KHz, 1 Vrms;Paper/PE Tape Reel 13 inch;50,000;0.00030 g;Ni-Sn;https://www.yageo.com/en/Chart/Download/pdf/CC0201KPX5R5BB104;https://www.yageo.com/upload/media/product/productsearch/datasheet/mlcc/UPY-GPHC_X5R_4V-to-50V_30.pdf;;
CC0201KPX5R5BB105;0201_065_035_035_020_025.STEP;;General Purpose;CC X5R;General purpose X5R;0201 (0603);X5R;-55 to +85°C;6.3;1 uF;±10%;0.6 ± 0.05;0.3 ± 0.05;0.3 ± 0.05;0.10~0.20;0.2;;;;10.00%;100 MΩ;100%;IEC-60384;Reflow;No;1 KHz, 1 Vrms;Paper/PE Tape Reel 13 inch;50,000;0.00030 g;Ni-Sn;https://www.yageo.com/en/Chart/Download/pdf/CC0201KPX5R5BB105;https://www.yageo.com/upload/media/product/productsearch/datasheet/mlcc/UPY-GPHC_X5R_4V-to-50V_30.pdf;;
CC0201KPX5R5BB223;0201_063_033_033_020_023.STEP;;General Purpose;CC X5R;General purpose X5R;0201 (0603);X5R;-55 to +85°C;6.3;22 nF;±10%;0.60 ±0.03;0.30 ±0.03;0.30 ±0.03;0.10~0.20;0.2;;;;10.00%;10.0 GΩ;200%;IEC-60384;Reflow;No;1 KHz, 1 Vrms;Paper/PE Tape Reel 13 inch;50,000;0.00030 g;Ni-Sn;https://www.yageo.com/en/Chart/Download/pdf/CC0201KPX5R5BB223;https://www.yageo.com/upload/media/product/productsearch/datasheet/mlcc/UPY-GPHC_X5R_4V-to-50V_30.pdf;;
CC0201KPX5R5BB224;0201_063_033_033_020_023.STEP;;General Purpose;CC X5R;General purpose X5R;0201 (0603);X5R;-55 to +85°C;6.3;220 nF;±10%;0.60 ±0.03;0.30 ±0.03;0.30 ±0.03;0.10~0.20;0.2;;;;10.00%;454 MΩ;150%;IEC-60384;Reflow;No;1 KHz, 1 Vrms;Paper/PE Tape Reel 13 inch;50,000;0.00030 g;Ni-Sn;https://www.yageo.com/en/Chart/Download/pdf/CC0201KPX5R5BB224;https://www.yageo.com/upload/media/product/productsearch/datasheet/mlcc/UPY-GPHC_X5R_4V-to-50V_30.pdf;;
CC0201KPX5R5BB333;0201_063_033_033_020_023.STEP;;General Purpose;CC X5R;General purpose X5R;0201 (0603);X5R;-55 to +85°C;6.3;33 nF;±10%;0.60 ±0.03;0.30 ±0.03;0.30 ±0.03;0.10~0.20;0.2;;;;10.00%;10.0 GΩ;200%;IEC-60384;Reflow;No;1 KHz, 1 Vrms;Paper/PE Tape Reel 13 inch;50,000;0.00030 g;Ni-Sn;https://www.yageo.com/en/Chart/Download/pdf/CC0201KPX5R5BB333;https://www.yageo.com/upload/media/product/productsearch/datasheet/mlcc/UPY-GPHC_X5R_4V-to-50V_30.pdf;;
CC0201KPX5R5BB473;0201_063_033_033_020_023.STEP;;General Purpose;CC X5R;General purpose X5R;0201 (0603);X5R;-55 to +85°C;6.3;47 nF;±10%;0.60 ±0.03;0.30 ±0.03;0.30 ±0.03;0.10~0.20;0.2;;;;10.00%;10.0 GΩ;200%;IEC-60384;Reflow;No;1 KHz, 1 Vrms;Paper/PE Tape Reel 13 inch;50,000;0.00030 g;Ni-Sn;https://www.yageo.com/en/Chart/Download/pdf/CC0201KPX5R5BB473;https://www.yageo.com/upload/media/product/productsearch/datasheet/mlcc/UPY-GPHC_X5R_4V-to-50V_30.pdf;;
CC0201KPX5R6BB103;0201_063_033_033_020_023.STEP;;General Purpose;CC X5R;General purpose X5R;0201 (0603);X5R;-55 to +85°C;10.0;10 nF;±10%;0.60 ±0.03;0.30 ±0.03;0.30 ±0.03;0.10~0.20;0.2;;;;5.00%;10.0 GΩ;200%;IEC-60384;Reflow;No;1 KHz, 1 Vrms;Paper/PE Tape Reel 13 inch;50,000;0.00030 g;Ni-Sn;https://www.yageo.com/en/Chart/Download/pdf/CC0201KPX5R6BB103;https://www.yageo.com/upload/media/product/productsearch/datasheet/mlcc/UPY-GPHC_X5R_4V-to-50V_30.pdf;;
CC0201KPX5R6BB104;0201_063_033_033_020_023.STEP;;General Purpose;CC X5R;General purpose X5R;0201 (0603);X5R;-55 to +85°C;10.0;100 nF;±10%;0.60 ±0.03;0.30 ±0.03;0.30 ±0.03;0.10~0.20;0.2;;;;10.00%;1.0 GΩ;150%;IEC-60384;Reflow;No;1 KHz, 1 Vrms;Paper/PE Tape Reel 13 inch;50,000;0.00030 g;Ni-Sn;https://www.yageo.com/en/Chart/Download/pdf/CC0201KPX5R6BB104;https://www.yageo.com/upload/media/product/productsearch/datasheet/mlcc/UPY-GPHC_X5R_4V-to-50V_30.pdf;5C;16,000 V (AD) to < 25,000 V (AD)
CC0201KPX5R6BB224;0201_063_033_033_020_023.STEP;;General Purpose;CC X5R;General purpose X5R;0201 (0603);X5R;-55 to +85°C;10.0;220 nF;±10%;0.60 ±0.03;0.30 ±0.03;0.30 ±0.03;0.10~0.20;0.2;;;;10.00%;2.3 GΩ;150%;IEC-60384;Reflow;No;1 KHz, 1 Vrms;Paper/PE Tape Reel 13 inch;50,000;0.00030 g;Ni-Sn;https://www.yageo.com/en/Chart/Download/pdf/CC0201KPX5R6BB224;https://www.yageo.com/upload/media/product/productsearch/datasheet/mlcc/UPY-GPHC_X5R_4V-to-50V_30.pdf;;
CC0201KPX5R7BB103;0201_063_033_033_020_023.STEP;;General Purpose;CC X5R;General purpose X5R;0201 (0603);X5R;-55 to +85°C;16.0;10 nF;±10%;0.60 ±0.03;0.30 ±0.03;0.30 ±0.03;0.10~0.20;0.2;;;;5.00%;10.0 GΩ;200%;IEC-60384;Reflow;No;1 KHz, 1 Vrms;Paper/PE Tape Reel 13 inch;50,000;0.00030 g;Ni-Sn;https://www.yageo.com/en/Chart/Download/pdf/CC0201KPX5R7BB103;https://www.yageo.com/upload/media/product/productsearch/datasheet/mlcc/UPY-GPHC_X5R_4V-to-50V_30.pdf;;
CC0201KPX5R7BB104;0201_063_033_033_020_023.STEP;;General Purpose;CC X5R;General purpose X5R;0201 (0603);X5R;-55 to +85°C;16.0;100 nF;±10%;0.60 ±0.03;0.30 ±0.03;0.30 ±0.03;0.10~0.20;0.2;;;;10.00%;1.0 GΩ;150%;IEC-60384;Reflow;No;1 KHz, 1 Vrms;Paper/PE Tape Reel 13 inch;50,000;0.00030 g;Ni-Sn;https://www.yageo.com/en/Chart/Download/pdf/CC0201KPX5R7BB104;https://www.yageo.com/upload/media/product/productsearch/datasheet/mlcc/UPY-GPHC_X5R_4V-to-50V_30.pdf;5C;16,000 V (AD) to < 25,000 V (AD)
CC0201KPX5R8BB103;0201_063_033_033_020_023.STEP;;General Purpose;CC X5R;General purpose X5R;0201 (0603);X5R;-55 to +85°C;25.0;10 nF;±10%;0.60 ±0.03;0.30 ±0.03;0.30 ±0.03;0.10~0.20;0.2;;;;5.00%;10.0 GΩ;200%;IEC-60384;Reflow;No;1 KHz, 1 Vrms;Paper/PE Tape Reel 13 inch;50,000;0.00030 g;Ni-Sn;https://www.yageo.com/en/Chart/Download/pdf/CC0201KPX5R8BB103;https://www.yageo.com/upload/media/product/productsearch/datasheet/mlcc/UPY-GPHC_X5R_4V-to-50V_30.pdf;;
CC0201KPX5R8BB473;0201_063_033_033_020_023.STEP;;General Purpose;CC X5R;General purpose X5R;0201 (0603);X5R;-55 to +85°C;25.0;47 nF;±10%;0.60 ±0.03;0.30 ±0.03;0.30 ±0.03;0.10~0.20;0.2;;;;10.00%;2.13 GΩ;200%;IEC-60384;Reflow;No;1 KHz, 1 Vrms;Paper/PE Tape Reel 13 inch;50,000;0.00030 g;Ni-Sn;https://www.yageo.com/en/Chart/Download/pdf/CC0201KPX5R8BB473;https://www.yageo.com/upload/media/product/productsearch/datasheet/mlcc/UPY-GPHC_X5R_4V-to-50V_30.pdf;;
CC0201KRX5R4BB104;0201_063_033_033_020_023.STEP;;General Purpose;CC X5R;General purpose X5R;0201 (0603);X5R;-55 to +85°C;4.0;100 nF;±10%;0.60 ±0.03;0.30 ±0.03;0.30 ±0.03;0.10~0.20;0.2;;;;10.00%;1.0 GΩ;150%;IEC-60384;Reflow;No;1 KHz, 1 Vrms;Paper/PE Tape Reel 7 inch;15,000;0.00030 g;Ni-Sn;https://www.yageo.com/en/Chart/Download/pdf/CC0201KRX5R4BB104;https://www.yageo.com/upload/media/product/productsearch/datasheet/mlcc/UPY-GPHC_X5R_4V-to-50V_30.pdf;;
CC0201KRX5R4BB105;0201_065_035_035_020_025.STEP;;General Purpose;CC X5R;General purpose X5R;0201 (0603);X5R;-55 to +85°C;4.0;1 uF;±10%;0.6 ± 0.05;0.3 ± 0.05;0.3 ± 0.05;0.10~0.20;0.2;;;;10.00%;100 MΩ;100%;IEC-60384;Reflow;No;1 KHz, 1 Vrms;Paper/PE Tape Reel 7 inch;15,000;0.00030 g;Ni-Sn;https://www.yageo.com/en/Chart/Download/pdf/CC0201KRX5R4BB105;https://www.yageo.com/upload/media/product/productsearch/datasheet/mlcc/UPY-GPHC_X5R_4V-to-50V_30.pdf;;
CC0201KRX5R4BB473;0201_063_033_033_020_023.STEP;;General Purpose;CC X5R;General purpose X5R;0201 (0603);X5R;-55 to +85°C;4.0;47 nF;±10%;0.60 ±0.03;0.30 ±0.03;0.30 ±0.03;0.10~0.20;0.2;;;;10.00%;10.0 GΩ;200%;IEC-60384;Reflow;No;1 KHz, 1 Vrms;Paper/PE Tape Reel 7 inch;15,000;0.00030 g;Ni-Sn;https://www.yageo.com/en/Chart/Download/pdf/CC0201KRX5R4BB473;https://www.yageo.com/upload/media/product/productsearch/datasheet/mlcc/UPY-GPHC_X5R_4V-to-50V_30.pdf;;
CC0201KRX5R5BB103;0201_063_033_033_020_023.STEP;;General Purpose;CC X5R;General purpose X5R;0201 (0603);X5R;-55 to +85°C;6.3;10 nF;±10%;0.60 ±0.03;0.30 ±0.03;0.30 ±0.03;0.10~0.20;0.2;;;;5.00%;10.0 GΩ;200%;IEC-60384;Reflow;No;1 KHz, 1 Vrms;Paper/PE Tape Reel 7 inch;15,000;0.00030 g;Ni-Sn;https://www.yageo.com/en/Chart/Download/pdf/CC0201KRX5R5BB103;https://www.yageo.com/upload/media/product/productsearch/datasheet/mlcc/UPY-GPHC_X5R_4V-to-50V_30.pdf;;
CC0201KRX5R5BB104;0201_063_033_033_020_023.STEP;;General Purpose;CC X5R;General purpose X5R;0201 (0603);X5R;-55 to +85°C;6.3;100 nF;±10%;0.60 ±0.03;0.30 ±0.03;0.30 ±0.03;0.10~0.20;0.2;;;;5.00%;1.0 GΩ;150%;IEC-60384;Reflow;No;1 KHz, 1 Vrms;Paper/PE Tape Reel 7 inch;15,000;0.00030 g;Ni-Sn;https://www.yageo.com/en/Chart/Download/pdf/CC0201KRX5R5BB104;https://www.yageo.com/upload/media/product/productsearch/datasheet/mlcc/UPY-GPHC_X5R_4V-to-50V_30.pdf;;
CC0201KRX5R5BB105;0201_065_035_035_020_025.STEP;;General Purpose;CC X5R;General purpose X5R;0201 (0603);X5R;-55 to +85°C;6.3;1 uF;±10%;0.6 ± 0.05;0.3 ± 0.05;0.3 ± 0.05;0.10~0.20;0.2;;;;10.00%;100 MΩ;100%;IEC-60384;Reflow;No;1 KHz, 1 Vrms;Paper/PE Tape Reel 7 inch;15,000;0.00030 g;Ni-Sn;https://www.yageo.com/en/Chart/Download/pdf/CC0201KRX5R5BB105;https://www.yageo.com/upload/media/product/productsearch/datasheet/mlcc/UPY-GPHC_X5R_4V-to-50V_30.pdf;;
CC0201KRX5R5BB123;0201_063_033_033_020_023.STEP;;General Purpose;CC X5R;General purpose X5R;0201 (0603);X5R;-55 to +85°C;6.3;12 nF;±10%;0.60 ±0.03;0.30 ±0.03;0.30 ±0.03;0.10~0.20;0.2;;;;10.00%;10.0 GΩ;200%;IEC-60384;Reflow;No;1 KHz, 1 Vrms;Paper/PE Tape Reel 7 inch;15,000;0.00030 g;Ni-Sn;https://www.yageo.com/en/Chart/Download/pdf/CC0201KRX5R5BB123;https://www.yageo.com/upload/media/product/productsearch/datasheet/mlcc/UPY-GPHC_X5R_4V-to-50V_30.pdf;;
CC0201KRX5R5BB153;0201_063_033_033_020_023.STEP;;General Purpose;CC X5R;General purpose X5R;0201 (0603);X5R;-55 to +85°C;6.3;15 nF;±10%;0.60 ±0.03;0.30 ±0.03;0.30 ±0.03;0.10~0.20;0.2;;;;10.00%;10.0 GΩ;200%;IEC-60384;Reflow;No;1 KHz, 1 Vrms;Paper/PE Tape Reel 7 inch;15,000;0.00030 g;Ni-Sn;https://www.yageo.com/en/Chart/Download/pdf/CC0201KRX5R5BB153;https://www.yageo.com/upload/media/product/productsearch/datasheet/mlcc/UPY-GPHC_X5R_4V-to-50V_30.pdf;;
CC0201KRX5R5BB183;0201_063_033_033_020_023.STEP;;General Purpose;CC X5R;General purpose X5R;0201 (0603);X5R;-55 to +85°C;6.3;18 nF;±10%;0.60 ±0.03;0.30 ±0.03;0.30 ±0.03;0.10~0.20;0.2;;;;10.00%;10.0 GΩ;200%;IEC-60384;Reflow;No;1 KHz, 1 Vrms;Paper/PE Tape Reel 7 inch;15,000;0.00030 g;Ni-Sn;https://www.yageo.com/en/Chart/Download/pdf/CC0201KRX5R5BB183;https://www.yageo.com/upload/media/product/productsearch/datasheet/mlcc/UPY-GPHC_X5R_4V-to-50V_30.pdf;;
CC0201KRX5R5BB223;0201_063_033_033_020_023.STEP;;General Purpose;CC X5R;General purpose X5R;0201 (0603);X5R;-55 to +85°C;6.3;22 nF;±10%;0.60 ±0.03;0.30 ±0.03;0.30 ±0.03;0.10~0.20;0.2;;;;10.00%;10.0 GΩ;200%;IEC-60384;Reflow;No;1 KHz, 1 Vrms;Paper/PE Tape Reel 7 inch;15,000;0.00030 g;Ni-Sn;https://www.yageo.com/en/Chart/Download/pdf/CC0201KRX5R5BB223;https://www.yageo.com/upload/media/product/productsearch/datasheet/mlcc/UPY-GPHC_X5R_4V-to-50V_30.pdf;;
CC0201KRX5R5BB224;0201_063_033_033_020_023.STEP;;General Purpose;CC X5R;General purpose X5R;0201 (0603);X5R;-55 to +85°C;6.3;220 nF;±10%;0.60 ±0.03;0.30 ±0.03;0.30 ±0.03;0.10~0.20;0.2;;;;10.00%;454 MΩ;150%;IEC-60384;Reflow;No;1 KHz, 1 Vrms;Paper/PE Tape Reel 7 inch;15,000;0.00030 g;Ni-Sn;https://www.yageo.com/en/Chart/Download/pdf/CC0201KRX5R5BB224;https://www.yageo.com/upload/media/product/productsearch/datasheet/mlcc/UPY-GPHC_X5R_4V-to-50V_30.pdf;;
CC0201KRX5R5BB333;0201_063_033_033_020_023.STEP;;General Purpose;CC X5R;General purpose X5R;0201 (0603);X5R;-55 to +85°C;6.3;33 nF;±10%;0.60 ±0.03;0.30 ±0.03;0.30 ±0.03;0.10~0.20;0.2;;;;10.00%;10.0 GΩ;200%;IEC-60384;Reflow;No;1 KHz, 1 Vrms;Paper/PE Tape Reel 7 inch;15,000;0.00030 g;Ni-Sn;https://www.yageo.com/en/Chart/Download/pdf/CC0201KRX5R5BB333;https://www.yageo.com/upload/media/product/productsearch/datasheet/mlcc/UPY-GPHC_X5R_4V-to-50V_30.pdf;;
CC0201KRX5R5BB472;0201_063_033_033_020_023.STEP;;General Purpose;CC X5R;General purpose X5R;0201 (0603);X5R;-55 to +85°C;6.3;4.7 nF;±10%;0.60 ±0.03;0.30 ±0.03;0.30 ±0.03;0.10~0.20;0.2;;;;5.00%;10.0 GΩ;200%;IEC-60384;Reflow;No;1 KHz, 1 Vrms;Paper/PE Tape Reel 7 inch;15,000;0.00030 g;Ni-Sn;https://www.yageo.com/en/Chart/Download/pdf/CC0201KRX5R5BB472;https://www.yageo.com/upload/media/product/productsearch/datasheet/mlcc/UPY-GPHC_X5R_4V-to-50V_30.pdf;;
CC0201KRX5R5BB473;0201_063_033_033_020_023.STEP;;General Purpose;CC X5R;General purpose X5R;0201 (0603);X5R;-55 to +85°C;6.3;47 nF;±10%;0.60 ±0.03;0.30 ±0.03;0.30 ±0.03;0.10~0.20;0.2;;;;10.00%;10.0 GΩ;200%;IEC-60384;Reflow;No;1 KHz, 1 Vrms;Paper/PE Tape Reel 7 inch;15,000;0.00030 g;Ni-Sn;https://www.yageo.com/en/Chart/Download/pdf/CC0201KRX5R5BB473;https://www.yageo.com/upload/media/product/productsearch/datasheet/mlcc/UPY-GPHC_X5R_4V-to-50V_30.pdf;;
CC0201KRX5R5BB474;0201_063_033_033_020_023.STEP;;General Purpose;CC X5R;General purpose X5R;0201 (0603);X5R;-55 to +85°C;6.3;470 nF;±10%;0.60 ±0.03;0.30 ±0.03;0.30 ±0.03;0.10~0.20;0.2;;;;10.00%;212 MΩ;100%;IEC-60384;Reflow;No;1 KHz, 1 Vrms;Paper/PE Tape Reel 7 inch;15,000;0.00030 g;Ni-Sn;https://www.yageo.com/en/Chart/Download/pdf/CC0201KRX5R5BB474;https://www.yageo.com/upload/media/product/productsearch/datasheet/mlcc/UPY-GPHC_X5R_4V-to-50V_30.pdf;;
CC0201KRX5R5BB682;0201_063_033_033_020_023.STEP;;General Purpose;CC X5R;General purpose X5R;0201 (0603);X5R;-55 to +85°C;6.3;6.8 nF;±10%;0.60 ±0.03;0.30 ±0.03;0.30 ±0.03;0.10~0.20;0.2;;;;5.00%;10.0 GΩ;200%;IEC-60384;Reflow;No;1 KHz, 1 Vrms;Paper/PE Tape Reel 7 inch;15,000;0.00030 g;Ni-Sn;https://www.yageo.com/en/Chart/Download/pdf/CC0201KRX5R5BB682;https://www.yageo.com/upload/media/product/productsearch/datasheet/mlcc/UPY-GPHC_X5R_4V-to-50V_30.pdf;;
CC0201KRX5R5BB683;0201_063_033_033_020_023.STEP;;General Purpose;CC X5R;General purpose X5R;0201 (0603);X5R;-55 to +85°C;6.3;68 nF;±10%;0.60 ±0.03;0.30 ±0.03;0.30 ±0.03;0.10~0.20;0.2;;;;10.00%;7.35 GΩ;200%;IEC-60384;Reflow;No;1 KHz, 1 Vrms;Paper/PE Tape Reel 7 inch;15,000;0.00030 g;Ni-Sn;https://www.yageo.com/en/Chart/Download/pdf/CC0201KRX5R5BB683;https://www.yageo.com/upload/media/product/productsearch/datasheet/mlcc/UPY-GPHC_X5R_4V-to-50V_30.pdf;;
CC0201KRX5R5BB823;0201_063_033_033_020_023.STEP;;General Purpose;CC X5R;General purpose X5R;0201 (0603);X5R;-55 to +85°C;6.3;82 nF;±10%;0.60 ±0.03;0.30 ±0.03;0.30 ±0.03;0.10~0.20;0.2;;;;10.00%;6.09 GΩ;200%;IEC-60384;Reflow;No;1 KHz, 1 Vrms;Paper/PE Tape Reel 7 inch;15,000;0.00030 g;Ni-Sn;https://www.yageo.com/en/Chart/Download/pdf/CC0201KRX5R5BB823;https://www.yageo.com/upload/media/product/productsearch/datasheet/mlcc/UPY-GPHC_X5R_4V-to-50V_30.pdf;;
CC0201KRX5R6BB102;0201_063_033_033_020_023.STEP;;General Purpose;CC X5R;General purpose X5R;0201 (0603);X5R;-55 to +85°C;10.0;1 nF;±10%;0.60 ±0.03;0.30 ±0.03;0.30 ±0.03;0.10~0.20;0.2;;;;5.00%;10.0 GΩ;200%;IEC-60384;Reflow;No;1 KHz, 1 Vrms;Paper/PE Tape Reel 7 inch;15,000;0.00030 g;Ni-Sn;https://www.yageo.com/en/Chart/Download/pdf/CC0201KRX5R6BB102;https://www.yageo.com/upload/media/product/productsearch/datasheet/mlcc/UPY-GPHC_X5R_4V-to-50V_30.pdf;;
CC0201KRX5R6BB103;0201_063_033_033_020_023.STEP;;General Purpose;CC X5R;General purpose X5R;0201 (0603);X5R;-55 to +85°C;10.0;10 nF;±10%;0.60 ±0.03;0.30 ±0.03;0.30 ±0.03;0.10~0.20;0.2;;;;5.00%;10.0 GΩ;200%;IEC-60384;Reflow;No;1 KHz, 1 Vrms;Paper/PE Tape Reel 7 inch;15,000;0.00030 g;Ni-Sn;https://www.yageo.com/en/Chart/Download/pdf/CC0201KRX5R6BB103;https://www.yageo.com/upload/media/product/productsearch/datasheet/mlcc/UPY-GPHC_X5R_4V-to-50V_30.pdf;;
CC0201KRX5R6BB104;0201_063_033_033_020_023.STEP;;General Purpose;CC X5R;General purpose X5R;0201 (0603);X5R;-55 to +85°C;10.0;100 nF;±10%;0.60 ±0.03;0.30 ±0.03;0.30 ±0.03;0.10~0.20;0.2;;;;10.00%;1.0 GΩ;150%;IEC-60384;Reflow;No;1 KHz, 1 Vrms;Paper/PE Tape Reel 7 inch;15,000;0.00030 g;Ni-Sn;https://www.yageo.com/en/Chart/Download/pdf/CC0201KRX5R6BB104;https://www.yageo.com/upload/media/product/productsearch/datasheet/mlcc/UPY-GPHC_X5R_4V-to-50V_30.pdf;5C;16,000 V (AD) to < 25,000 V (AD)
CC0201KRX5R6BB105;0201_065_035_035_020_025.STEP;;General Purpose;CC X5R;General purpose X5R;0201 (0603);X5R;-55 to +85°C;10.0;1 uF;±10%;0.6 ± 0.05;0.3 ± 0.05;0.3 ± 0.05;0.10~0.20;0.2;;;;10.00%;50 MΩ;100%;IEC-60384;Reflow;No;1 KHz, 1 Vrms;Paper/PE Tape Reel 7 inch;15,000;0.00030 g;Ni-Sn;https://www.yageo.com/en/Chart/Download/pdf/CC0201KRX5R6BB105;https://www.yageo.com/upload/media/product/productsearch/datasheet/mlcc/UPY-GPHC_X5R_4V-to-50V_30.pdf;;
CC0201KRX5R6BB152;0201_063_033_033_020_023.STEP;;General Purpose;CC X5R;General purpose X5R;0201 (0603);X5R;-55 to +85°C;10.0;1.5 nF;±10%;0.60 ±0.03;0.30 ±0.03;0.30 ±0.03;0.10~0.20;0.2;;;;5.00%;10.0 GΩ;200%;IEC-60384;Reflow;No;1 KHz, 1 Vrms;Paper/PE Tape Reel 7 inch;15,000;0.00030 g;Ni-Sn;https://www.yageo.com/en/Chart/Download/pdf/CC0201KRX5R6BB152;https://www.yageo.com/upload/media/product/productsearch/datasheet/mlcc/UPY-GPHC_X5R_4V-to-50V_30.pdf;;
CC0201KRX5R6BB153;0201_063_033_033_020_023.STEP;;General Purpose;CC X5R;General purpose X5R;0201 (0603);X5R;-55 to +85°C;10.0;15 nF;±10%;0.60 ±0.03;0.30 ±0.03;0.30 ±0.03;0.10~0.20;0.2;;;;10.00%;10.0 GΩ;200%;IEC-60384;Reflow;No;1 KHz, 1 Vrms;Paper/PE Tape Reel 7 inch;15,000;0.00030 g;Ni-Sn;https://www.yageo.com/en/Chart/Download/pdf/CC0201KRX5R6BB153;https://www.yageo.com/upload/media/product/productsearch/datasheet/mlcc/UPY-GPHC_X5R_4V-to-50V_30.pdf;;
CC0201KRX5R6BB183;0201_063_033_033_020_023.STEP;;General Purpose;CC X5R;General purpose X5R;0201 (0603);X5R;-55 to +85°C;10.0;18 nF;±10%;0.60 ±0.03;0.30 ±0.03;0.30 ±0.03;0.10~0.20;0.2;;;;10.00%;10.0 GΩ;200%;IEC-60384;Reflow;No;1 KHz, 1 Vrms;Paper/PE Tape Reel 7 inch;15,000;0.00030 g;Ni-Sn;https://www.yageo.com/en/Chart/Download/pdf/CC0201KRX5R6BB183;https://www.yageo.com/upload/media/product/productsearch/datasheet/mlcc/UPY-GPHC_X5R_4V-to-50V_30.pdf;;
CC0201KRX5R6BB222;0201_063_033_033_020_023.STEP;;General Purpose;CC X5R;General purpose X5R;0201 (0603);X5R;-55 to +85°C;10.0;2.2 nF;±10%;0.60 ±0.03;0.30 ±0.03;0.30 ±0.03;0.10~0.20;0.2;;;;5.00%;10.0 GΩ;200%;IEC-60384;Reflow;No;1 KHz, 1 Vrms;Paper/PE Tape Reel 7 inch;15,000;0.00030 g;Ni-Sn;https://www.yageo.com/en/Chart/Download/pdf/CC0201KRX5R6BB222;https://www.yageo.com/upload/media/product/productsearch/datasheet/mlcc/UPY-GPHC_X5R_4V-to-50V_30.pdf;;
CC0201KRX5R6BB223;0201_063_033_033_020_023.STEP;;General Purpose;CC X5R;General purpose X5R;0201 (0603);X5R;-55 to +85°C;10.0;22 nF;±10%;0.60 ±0.03;0.30 ±0.03;0.30 ±0.03;0.10~0.20;0.2;;;;10.00%;10.0 GΩ;200%;IEC-60384;Reflow;No;1 KHz, 1 Vrms;Paper/PE Tape Reel 7 inch;15,000;0.00030 g;Ni-Sn;https://www.yageo.com/en/Chart/Download/pdf/CC0201KRX5R6BB223;https://www.yageo.com/upload/media/product/productsearch/datasheet/mlcc/UPY-GPHC_X5R_4V-to-50V_30.pdf;;
CC0201KRX5R6BB224;0201_063_033_033_020_023.STEP;;General Purpose;CC X5R;General purpose X5R;0201 (0603);X5R;-55 to +85°C;10.0;220 nF;±10%;0.60 ±0.03;0.30 ±0.03;0.30 ±0.03;0.10~0.20;0.2;;;;10.00%;454 MΩ;150%;IEC-60384;Reflow;No;1 KHz, 1 Vrms;Paper/PE Tape Reel 7 inch;15,000;0.00030 g;Ni-Sn;https://www.yageo.com/en/Chart/Download/pdf/CC0201KRX5R6BB224;https://www.yageo.com/upload/media/product/productsearch/datasheet/mlcc/UPY-GPHC_X5R_4V-to-50V_30.pdf;;
CC0201KRX5R6BB272;0201_063_033_033_020_023.STEP;;General Purpose;CC X5R;General purpose X5R;0201 (0603);X5R;-55 to +85°C;10.0;2.7 nF;±10%;0.60 ±0.03;0.30 ±0.03;0.30 ±0.03;0.10~0.20;0.2;;;;5.00%;10.0 GΩ;200%;IEC-60384;Reflow;No;1 KHz, 1 Vrms;Paper/PE Tape Reel 7 inch;15,000;0.00030 g;Ni-Sn;https://www.yageo.com/en/Chart/Download/pdf/CC0201KRX5R6BB272;https://www.yageo.com/upload/media/product/productsearch/datasheet/mlcc/UPY-GPHC_X5R_4V-to-50V_30.pdf;;
CC0201KRX5R6BB333;0201_063_033_033_020_023.STEP;;General Purpose;CC X5R;General purpose X5R;0201 (0603);X5R;-55 to +85°C;10.0;33 nF;±10%;0.60 ±0.03;0.30 ±0.03;0.30 ±0.03;0.10~0.20;0.2;;;;10.00%;10.0 GΩ;200%;IEC-60384;Reflow;No;1 KHz, 1 Vrms;Paper/PE Tape Reel 7 inch;15,000;0.00030 g;Ni-Sn;https://www.yageo.com/en/Chart/Download/pdf/CC0201KRX5R6BB333;https://www.yageo.com/upload/media/product/productsearch/datasheet/mlcc/UPY-GPHC_X5R_4V-to-50V_30.pdf;;
CC0201KRX5R6BB392;0201_063_033_033_020_023.STEP;;General Purpose;CC X5R;General purpose X5R;0201 (0603);X5R;-55 to +85°C;10.0;3.9 nF;±10%;0.60 ±0.03;0.30 ±0.03;0.30 ±0.03;0.10~0.20;0.2;;;;5.00%;10.0 GΩ;200%;IEC-60384;Reflow;No;1 KHz, 1 Vrms;Paper/PE Tape Reel 7 inch;15,000;0.00030 g;Ni-Sn;https://www.yageo.com/en/Chart/Download/pdf/CC0201KRX5R6BB392;https://www.yageo.com/upload/media/product/productsearch/datasheet/mlcc/UPY-GPHC_X5R_4V-to-50V_30.pdf;;
CC0201KRX5R6BB472;0201_063_033_033_020_023.STEP;;General Purpose;CC X5R;General purpose X5R;0201 (0603);X5R;-55 to +85°C;10.0;4.7 nF;±10%;0.60 ±0.03;0.30 ±0.03;0.30 ±0.03;0.10~0.20;0.2;;;;5.00%;10.0 GΩ;200%;IEC-60384;Reflow;No;1 KHz, 1 Vrms;Paper/PE Tape Reel 7 inch;15,000;0.00030 g;Ni-Sn;https://www.yageo.com/en/Chart/Download/pdf/CC0201KRX5R6BB472;https://www.yageo.com/upload/media/product/productsearch/datasheet/mlcc/UPY-GPHC_X5R_4V-to-50V_30.pdf;;
CC0201KRX5R6BB473;0201_063_033_033_020_023.STEP;;General Purpose;CC X5R;General purpose X5R;0201 (0603);X5R;-55 to +85°C;10.0;47 nF;±10%;0.60 ±0.03;0.30 ±0.03;0.30 ±0.03;0.10~0.20;0.2;;;;10.00%;10.0 GΩ;200%;IEC-60384;Reflow;No;1 KHz, 1 Vrms;Paper/PE Tape Reel 7 inch;15,000;0.00030 g;Ni-Sn;https://www.yageo.com/en/Chart/Download/pdf/CC0201KRX5R6BB473;https://www.yageo.com/upload/media/product/productsearch/datasheet/mlcc/UPY-GPHC_X5R_4V-to-50V_30.pdf;;
CC0201KRX5R6BB474;0201_063_033_033_020_023.STEP;;General Purpose;CC X5R;General purpose X5R;0201 (0603);X5R;-55 to +85°C;10.0;470 nF;±10%;0.60 ±0.03;0.30 ±0.03;0.30 ±0.03;0.10~0.20;0.2;;;;15.00%;212 MΩ;150%;IEC-60384;Reflow;No;1 KHz, 1 Vrms;Paper/PE Tape Reel 7 inch;15,000;0.00030 g;Ni-Sn;https://www.yageo.com/en/Chart/Download/pdf/CC0201KRX5R6BB474;https://www.yageo.com/upload/media/product/productsearch/datasheet/mlcc/UPY-GPHC_X5R_4V-to-50V_30.pdf;;
CC0201KRX5R6BB562;0201_063_033_033_020_023.STEP;;General Purpose;CC X5R;General purpose X5R;0201 (0603);X5R;-55 to +85°C;10.0;5.6 nF;±10%;0.60 ±0.03;0.30 ±0.03;0.30 ±0.03;0.10~0.20;0.2;;;;5.00%;10.0 GΩ;200%;IEC-60384;Reflow;No;1 KHz, 1 Vrms;Paper/PE Tape Reel 7 inch;15,000;0.00030 g;Ni-Sn;https://www.yageo.com/en/Chart/Download/pdf/CC0201KRX5R6BB562;https://www.yageo.com/upload/media/product/productsearch/datasheet/mlcc/UPY-GPHC_X5R_4V-to-50V_30.pdf;;
CC0201KRX5R6BB563;0201_063_033_033_020_023.STEP;;General Purpose;CC X5R;General purpose X5R;0201 (0603);X5R;-55 to +85°C;10.0;56 nF;±10%;0.60 ±0.03;0.30 ±0.03;0.30 ±0.03;0.10~0.20;0.2;;;;10.00%;8.92 GΩ;200%;IEC-60384;Reflow;No;1 KHz, 1 Vrms;Paper/PE Tape Reel 7 inch;15,000;0.00030 g;Ni-Sn;https://www.yageo.com/en/Chart/Download/pdf/CC0201KRX5R6BB563;https://www.yageo.com/upload/media/product/productsearch/datasheet/mlcc/UPY-GPHC_X5R_4V-to-50V_30.pdf;;
CC0201KRX5R6BB682;0201_063_033_033_020_023.STEP;;General Purpose;CC X5R;General purpose X5R;0201 (0603);X5R;-55 to +85°C;10.0;6.8 nF;±10%;0.60 ±0.03;0.30 ±0.03;0.30 ±0.03;0.10~0.20;0.2;;;;5.00%;10.0 GΩ;200%;IEC-60384;Reflow;No;1 KHz, 1 Vrms;Paper/PE Tape Reel 7 inch;15,000;0.00030 g;Ni-Sn;https://www.yageo.com/en/Chart/Download/pdf/CC0201KRX5R6BB682;https://www.yageo.com/upload/media/product/productsearch/datasheet/mlcc/UPY-GPHC_X5R_4V-to-50V_30.pdf;;
CC0201KRX5R6BB683;0201_063_033_033_020_023.STEP;;General Purpose;CC X5R;General purpose X5R;0201 (0603);X5R;-55 to +85°C;10.0;68 nF;±10%;0.60 ±0.03;0.30 ±0.03;0.30 ±0.03;0.10~0.20;0.2;;;;10.00%;7.35 GΩ;200%;IEC-60384;Reflow;No;1 KHz, 1 Vrms;Paper/PE Tape Reel 7 inch;15,000;0.00030 g;Ni-Sn;https://www.yageo.com/en/Chart/Download/pdf/CC0201KRX5R6BB683;https://www.yageo.com/upload/media/product/productsearch/datasheet/mlcc/UPY-GPHC_X5R_4V-to-50V_30.pdf;;
CC0201KRX5R6BB822;0201_063_033_033_020_023.STEP;;General Purpose;CC X5R;General purpose X5R;0201 (0603);X5R;-55 to +85°C;10.0;8.2 nF;±10%;0.60 ±0.03;0.30 ±0.03;0.30 ±0.03;0.10~0.20;0.2;;;;5.00%;10.0 GΩ;200%;IEC-60384;Reflow;No;1 KHz, 1 Vrms;Paper/PE Tape Reel 7 inch;15,000;0.00030 g;Ni-Sn;https://www.yageo.com/en/Chart/Download/pdf/CC0201KRX5R6BB822;https://www.yageo.com/upload/media/product/productsearch/datasheet/mlcc/UPY-GPHC_X5R_4V-to-50V_30.pdf;;
CC0201KRX5R6BB823;0201_063_033_033_020_023.STEP;;General Purpose;CC X5R;General purpose X5R;0201 (0603);X5R;-55 to +85°C;10.0;82 nF;±10%;0.60 ±0.03;0.30 ±0.03;0.30 ±0.03;0.10~0.20;0.2;;;;10.00%;6.09 GΩ;200%;IEC-60384;Reflow;No;1 KHz, 1 Vrms;Paper/PE Tape Reel 7 inch;15,000;0.00030 g;Ni-Sn;https://www.yageo.com/en/Chart/Download/pdf/CC0201KRX5R6BB823;https://www.yageo.com/upload/media/product/productsearch/datasheet/mlcc/UPY-GPHC_X5R_4V-to-50V_30.pdf;;
CC0201KRX5R7BB103;0201_063_033_033_020_023.STEP;;General Purpose;CC X5R;General purpose X5R;0201 (0603);X5R;-55 to +85°C;16.0;10 nF;±10%;0.60 ±0.03;0.30 ±0.03;0.30 ±0.03;0.10~0.20;0.2;;;;5.00%;10.0 GΩ;200%;IEC-60384;Reflow;No;1 KHz, 1 Vrms;Paper/PE Tape Reel 7 inch;15,000;0.00030 g;Ni-Sn;https://www.yageo.com/en/Chart/Download/pdf/CC0201KRX5R7BB103;https://www.yageo.com/upload/media/product/productsearch/datasheet/mlcc/UPY-GPHC_X5R_4V-to-50V_30.pdf;;
CC0201KRX5R7BB104;0201_063_033_033_020_023.STEP;;General Purpose;CC X5R;General purpose X5R;0201 (0603);X5R;-55 to +85°C;16.0;100 nF;±10%;0.60 ±0.03;0.30 ±0.03;0.30 ±0.03;0.10~0.20;0.2;;;;10.00%;1.0 GΩ;150%;IEC-60384;Reflow;No;1 KHz, 1 Vrms;Paper/PE Tape Reel 7 inch;15,000;0.00030 g;Ni-Sn;https://www.yageo.com/en/Chart/Download/pdf/CC0201KRX5R7BB104;https://www.yageo.com/upload/media/product/productsearch/datasheet/mlcc/UPY-GPHC_X5R_4V-to-50V_30.pdf;5C;16,000 V (AD) to < 25,000 V (AD)
CC0201KRX5R7BB123;0201_063_033_033_020_023.STEP;;General Purpose;CC X5R;General purpose X5R;0201 (0603);X5R;-55 to +85°C;16.0;12 nF;±10%;0.60 ±0.03;0.30 ±0.03;0.30 ±0.03;0.10~0.20;0.2;;;;5.00%;10.0 GΩ;200%;IEC-60384;Reflow;No;1 KHz, 1 Vrms;Paper/PE Tape Reel 7 inch;15,000;0.00030 g;Ni-Sn;https://www.yageo.com/en/Chart/Download/pdf/CC0201KRX5R7BB123;https://www.yageo.com/upload/media/product/productsearch/datasheet/mlcc/UPY-GPHC_X5R_4V-to-50V_30.pdf;;
CC0201KRX5R7BB152;0201_063_033_033_020_023.STEP;;General Purpose;CC X5R;General purpose X5R;0201 (0603);X5R;-55 to +85°C;16.0;1.5 nF;±10%;0.60 ±0.03;0.30 ±0.03;0.30 ±0.03;0.10~0.20;0.2;;;;5.00%;10.0 GΩ;200%;IEC-60384;Reflow;No;1 KHz, 1 Vrms;Paper/PE Tape Reel 7 inch;15,000;0.00030 g;Ni-Sn;https://www.yageo.com/en/Chart/Download/pdf/CC0201KRX5R7BB152;https://www.yageo.com/upload/media/product/productsearch/datasheet/mlcc/UPY-GPHC_X5R_4V-to-50V_30.pdf;;
CC0201KRX5R7BB223;0201_063_033_033_020_023.STEP;;General Purpose;CC X5R;General purpose X5R;0201 (0603);X5R;-55 to +85°C;16.0;22 nF;±10%;0.60 ±0.03;0.30 ±0.03;0.30 ±0.03;0.10~0.20;0.2;;;;10.00%;4.54 GΩ;200%;IEC-60384;Reflow;No;1 KHz, 1 Vrms;Paper/PE Tape Reel 7 inch;15,000;0.00030 g;Ni-Sn;https://www.yageo.com/en/Chart/Download/pdf/CC0201KRX5R7BB223;https://www.yageo.com/upload/media/product/productsearch/datasheet/mlcc/UPY-GPHC_X5R_4V-to-50V_30.pdf;;
CC0201KRX5R7BB273;0201_063_033_033_020_023.STEP;;General Purpose;CC X5R;General purpose X5R;0201 (0603);X5R;-55 to +85°C;16.0;27 nF;±10%;0.60 ±0.03;0.30 ±0.03;0.30 ±0.03;0.10~0.20;0.2;;;;10.00%;10.0 GΩ;200%;IEC-60384;Reflow;No;1 KHz, 1 Vrms;Paper/PE Tape Reel 7 inch;15,000;0.00030 g;Ni-Sn;https://www.yageo.com/en/Chart/Download/pdf/CC0201KRX5R7BB273;https://www.yageo.com/upload/media/product/productsearch/datasheet/mlcc/UPY-GPHC_X5R_4V-to-50V_30.pdf;;
CC0201KRX5R7BB331;0201_063_033_033_020_023.STEP;;General Purpose;CC X5R;General purpose X5R;0201 (0603);X5R;-55 to +85°C;16.0;330 pF;±10%;0.60 ±0.03;0.30 ±0.03;0.30 ±0.03;0.10~0.20;0.2;;;;5.00%;10.0 GΩ;200%;IEC-60384;Reflow;No;1 KHz, 1 Vrms;Paper/PE Tape Reel 7 inch;15,000;0.00030 g;Ni-Sn;https://www.yageo.com/en/Chart/Download/pdf/CC0201KRX5R7BB331;https://www.yageo.com/upload/media/product/productsearch/datasheet/mlcc/UPY-GPHC_X5R_4V-to-50V_30.pdf;;
CC0201KRX5R7BB333;0201_063_033_033_020_023.STEP;;General Purpose;CC X5R;General purpose X5R;0201 (0603);X5R;-55 to +85°C;16.0;33 nF;±10%;0.60 ±0.03;0.30 ±0.03;0.30 ±0.03;0.10~0.20;0.2;;;;10.00%;3.03 GΩ;200%;IEC-60384;Reflow;No;1 KHz, 1 Vrms;Paper/PE Tape Reel 7 inch;15,000;0.00030 g;Ni-Sn;https://www.yageo.com/en/Chart/Download/pdf/CC0201KRX5R7BB333;https://www.yageo.com/upload/media/product/productsearch/datasheet/mlcc/UPY-GPHC_X5R_4V-to-50V_30.pdf;;
CC0201KRX5R7BB393;0201_063_033_033_020_023.STEP;;General Purpose;CC X5R;General purpose X5R;0201 (0603);X5R;-55 to +85°C;16.0;39 nF;±10%;0.60 ±0.03;0.30 ±0.03;0.30 ±0.03;0.10~0.20;0.2;;;;10.00%;2.56 GΩ;200%;IEC-60384;Reflow;No;1 KHz, 1 Vrms;Paper/PE Tape Reel 7 inch;15,000;0.00030 g;Ni-Sn;https://www.yageo.com/en/Chart/Download/pdf/CC0201KRX5R7BB393;https://www.yageo.com/upload/media/product/productsearch/datasheet/mlcc/UPY-GPHC_X5R_4V-to-50V_30.pdf;;
CC0201KRX5R7BB472;0201_063_033_033_020_023.STEP;;General Purpose;CC X5R;General purpose X5R;0201 (0603);X5R;-55 to +85°C;16.0;4.7 nF;±10%;0.60 ±0.03;0.30 ±0.03;0.30 ±0.03;0.10~0.20;0.2;;;;5.00%;10.0 GΩ;200%;IEC-60384;Reflow;No;1 KHz, 1 Vrms;Paper/PE Tape Reel 7 inch;15,000;0.00030 g;Ni-Sn;https://www.yageo.com/en/Chart/Download/pdf/CC0201KRX5R7BB472;https://www.yageo.com/upload/media/product/productsearch/datasheet/mlcc/UPY-GPHC_X5R_4V-to-50V_30.pdf;;
CC0201KRX5R7BB473;0201_063_033_033_020_023.STEP;;General Purpose;CC X5R;General purpose X5R;0201 (0603);X5R;-55 to +85°C;16.0;47 nF;±10%;0.60 ±0.03;0.30 ±0.03;0.30 ±0.03;0.10~0.20;0.2;;;;10.00%;2.13 GΩ;200%;IEC-60384;Reflow;No;1 KHz, 1 Vrms;Paper/PE Tape Reel 7 inch;15,000;0.00030 g;Ni-Sn;https://www.yageo.com/en/Chart/Download/pdf/CC0201KRX5R7BB473;https://www.yageo.com/upload/media/product/productsearch/datasheet/mlcc/UPY-GPHC_X5R_4V-to-50V_30.pdf;;
CC0201KRX5R7BB683;0201_063_033_033_020_023.STEP;;General Purpose;CC X5R;General purpose X5R;0201 (0603);X5R;-55 to +85°C;16.0;68 nF;±10%;0.60 ±0.03;0.30 ±0.03;0.30 ±0.03;0.10~0.20;0.2;;;;10.00%;1.47 GΩ;200%;IEC-60384;Reflow;No;1 KHz, 1 Vrms;Paper/PE Tape Reel 7 inch;15,000;0.00030 g;Ni-Sn;https://www.yageo.com/en/Chart/Download/pdf/CC0201KRX5R7BB683;https://www.yageo.com/upload/media/product/productsearch/datasheet/mlcc/UPY-GPHC_X5R_4V-to-50V_30.pdf;;
CC0201KRX5R8BB101;0201_063_033_033_020_023.STEP;;General Purpose;CC X5R;General purpose X5R;0201 (0603);X5R;-55 to +85°C;25.0;100 pF;±10%;0.60 ±0.03;0.30 ±0.03;0.30 ±0.03;0.10~0.20;0.2;;;;3.50%;10.0 GΩ;200%;IEC-60384;Reflow;No;1 KHz, 1 Vrms;Paper/PE Tape Reel 7 inch;15,000;0.00030 g;Ni-Sn;https://www.yageo.com/en/Chart/Download/pdf/CC0201KRX5R8BB101;https://www.yageo.com/upload/media/product/productsearch/datasheet/mlcc/UPY-GPHC_X5R_4V-to-50V_30.pdf;;
CC0201KRX5R8BB102;0201_063_033_033_020_023.STEP;;General Purpose;CC X5R;General purpose X5R;0201 (0603);X5R;-55 to +85°C;25.0;1 nF;±10%;0.60 ±0.03;0.30 ±0.03;0.30 ±0.03;0.10~0.20;0.2;;;;5.00%;10.0 GΩ;200%;IEC-60384;Reflow;No;1 KHz, 1 Vrms;Paper/PE Tape Reel 7 inch;15,000;0.00030 g;Ni-Sn;https://www.yageo.com/en/Chart/Download/pdf/CC0201KRX5R8BB102;https://www.yageo.com/upload/media/product/productsearch/datasheet/mlcc/UPY-GPHC_X5R_4V-to-50V_30.pdf;;
CC0201KRX5R8BB103;0201_063_033_033_020_023.STEP;;General Purpose;CC X5R;General purpose X5R;0201 (0603);X5R;-55 to +85°C;25.0;10 nF;±10%;0.60 ±0.03;0.30 ±0.03;0.30 ±0.03;0.10~0.20;0.2;;;;5.00%;10.0 GΩ;200%;IEC-60384;Reflow;No;1 KHz, 1 Vrms;Paper/PE Tape Reel 7 inch;15,000;0.00030 g;Ni-Sn;https://www.yageo.com/en/Chart/Download/pdf/CC0201KRX5R8BB103;https://www.yageo.com/upload/media/product/productsearch/datasheet/mlcc/UPY-GPHC_X5R_4V-to-50V_30.pdf;;
CC0201KRX5R8BB104;0201_063_033_033_020_023.STEP;;General Purpose;CC X5R;General purpose X5R;0201 (0603);X5R;-55 to +85°C;25.0;100 nF;±10%;0.60 ±0.03;0.30 ±0.03;0.30 ±0.03;0.10~0.20;0.2;;;;10.00%;1.0 GΩ;100%;IEC-60384;Reflow;No;1 KHz, 1 Vrms;Paper/PE Tape Reel 7 inch;15,000;0.00030 g;Ni-Sn;https://www.yageo.com/en/Chart/Download/pdf/CC0201KRX5R8BB104;https://www.yageo.com/upload/media/product/productsearch/datasheet/mlcc/UPY-GPHC_X5R_4V-to-50V_30.pdf;;
CC0201KRX5R8BB151;0201_063_033_033_020_023.STEP;;General Purpose;CC X5R;General purpose X5R;0201 (0603);X5R;-55 to +85°C;25.0;150 pF;±10%;0.60 ±0.03;0.30 ±0.03;0.30 ±0.03;0.10~0.20;0.2;;;;3.50%;10.0 GΩ;200%;IEC-60384;Reflow;No;1 KHz, 1 Vrms;Paper/PE Tape Reel 7 inch;15,000;0.00030 g;Ni-Sn;https://www.yageo.com/en/Chart/Download/pdf/CC0201KRX5R8BB151;https://www.yageo.com/upload/media/product/productsearch/datasheet/mlcc/UPY-GPHC_X5R_4V-to-50V_30.pdf;;
CC0201KRX5R8BB152;0201_063_033_033_020_023.STEP;;General Purpose;CC X5R;General purpose X5R;0201 (0603);X5R;-55 to +85°C;25.0;1.5 nF;±10%;0.60 ±0.03;0.30 ±0.03;0.30 ±0.03;0.10~0.20;0.2;;;;5.00%;10.0 GΩ;200%;IEC-60384;Reflow;No;1 KHz, 1 Vrms;Paper/PE Tape Reel 7 inch;15,000;0.00030 g;Ni-Sn;https://www.yageo.com/en/Chart/Download/pdf/CC0201KRX5R8BB152;https://www.yageo.com/upload/media/product/productsearch/datasheet/mlcc/UPY-GPHC_X5R_4V-to-50V_30.pdf;;
CC0201KRX5R8BB153;0201_063_033_033_020_023.STEP;;General Purpose;CC X5R;General purpose X5R;0201 (0603);X5R;-55 to +85°C;25.0;15 nF;±10%;0.60 ±0.03;0.30 ±0.03;0.30 ±0.03;0.10~0.20;0.2;;;;5.00%;6.66 GΩ;200%;IEC-60384;Reflow;No;1 KHz, 1 Vrms;Paper/PE Tape Reel 7 inch;15,000;0.00030 g;Ni-Sn;https://www.yageo.com/en/Chart/Download/pdf/CC0201KRX5R8BB153;https://www.yageo.com/upload/media/product/productsearch/datasheet/mlcc/UPY-GPHC_X5R_4V-to-50V_30.pdf;;
CC0201KRX5R8BB221;0201_063_033_033_020_023.STEP;;General Purpose;CC X5R;General purpose X5R;0201 (0603);X5R;-55 to +85°C;25.0;220 pF;±10%;0.60 ±0.03;0.30 ±0.03;0.30 ±0.03;0.10~0.20;0.2;;;;3.50%;10.0 GΩ;200%;IEC-60384;Reflow;No;1 KHz, 1 Vrms;Paper/PE Tape Reel 7 inch;15,000;0.00030 g;Ni-Sn;https://www.yageo.com/en/Chart/Download/pdf/CC0201KRX5R8BB221;https://www.yageo.com/upload/media/product/productsearch/datasheet/mlcc/UPY-GPHC_X5R_4V-to-50V_30.pdf;;
CC0201KRX5R8BB222;0201_063_033_033_020_023.STEP;;General Purpose;CC X5R;General purpose X5R;0201 (0603);X5R;-55 to +85°C;25.0;2.2 nF;±10%;0.60 ±0.03;0.30 ±0.03;0.30 ±0.03;0.10~0.20;0.2;;;;5.00%;10.0 GΩ;200%;IEC-60384;Reflow;No;1 KHz, 1 Vrms;Paper/PE Tape Reel 7 inch;15,000;0.00030 g;Ni-Sn;https://www.yageo.com/en/Chart/Download/pdf/CC0201KRX5R8BB222;https://www.yageo.com/upload/media/product/productsearch/datasheet/mlcc/UPY-GPHC_X5R_4V-to-50V_30.pdf;;
CC0201KRX5R8BB223;0201_063_033_033_020_023.STEP;;General Purpose;CC X5R;General purpose X5R;0201 (0603);X5R;-55 to +85°C;25.0;22 nF;±10%;0.60 ±0.03;0.30 ±0.03;0.30 ±0.03;0.10~0.20;0.2;;;;10.00%;4.54 GΩ;200%;IEC-60384;Reflow;No;1 KHz, 1 Vrms;Paper/PE Tape Reel 7 inch;15,000;0.00030 g;Ni-Sn;https://www.yageo.com/en/Chart/Download/pdf/CC0201KRX5R8BB223;https://www.yageo.com/upload/media/product/productsearch/datasheet/mlcc/UPY-GPHC_X5R_4V-to-50V_30.pdf;;
CC0201KRX5R8BB331;0201_063_033_033_020_023.STEP;;General Purpose;CC X5R;General purpose X5R;0201 (0603);X5R;-55 to +85°C;25.0;330 pF;±10%;0.60 ±0.03;0.30 ±0.03;0.30 ±0.03;0.10~0.20;0.2;;;;3.50%;10.0 GΩ;200%;IEC-60384;Reflow;No;1 KHz, 1 Vrms;Paper/PE Tape Reel 7 inch;15,000;0.00030 g;Ni-Sn;https://www.yageo.com/en/Chart/Download/pdf/CC0201KRX5R8BB331;https://www.yageo.com/upload/media/product/productsearch/datasheet/mlcc/UPY-GPHC_X5R_4V-to-50V_30.pdf;;
CC0201KRX5R8BB332;0201_063_033_033_020_023.STEP;;General Purpose;CC X5R;General purpose X5R;0201 (0603);X5R;-55 to +85°C;25.0;3.3 nF;±10%;0.60 ±0.03;0.30 ±0.03;0.30 ±0.03;0.10~0.20;0.2;;;;5.00%;10.0 GΩ;200%;IEC-60384;Reflow;No;1 KHz, 1 Vrms;Paper/PE Tape Reel 7 inch;15,000;0.00030 g;Ni-Sn;https://www.yageo.com/en/Chart/Download/pdf/CC0201KRX5R8BB332;https://www.yageo.com/upload/media/product/productsearch/datasheet/mlcc/UPY-GPHC_X5R_4V-to-50V_30.pdf;;
CC0201KRX5R8BB392;0201_063_033_033_020_023.STEP;;General Purpose;CC X5R;General purpose X5R;0201 (0603);X5R;-55 to +85°C;25.0;3.9 nF;±10%;0.60 ±0.03;0.30 ±0.03;0.30 ±0.03;0.10~0.20;0.2;;;;3.50%;10.0 GΩ;200%;IEC-60384;Reflow;No;1 KHz, 1 Vrms;Paper/PE Tape Reel 7 inch;15,000;0.00030 g;Ni-Sn;https://www.yageo.com/en/Chart/Download/pdf/CC0201KRX5R8BB392;https://www.yageo.com/upload/media/product/productsearch/datasheet/mlcc/UPY-GPHC_X5R_4V-to-50V_30.pdf;;
CC0201KRX5R8BB393;0201_063_033_033_020_023.STEP;;General Purpose;CC X5R;General purpose X5R;0201 (0603);X5R;-55 to +85°C;25.0;39 nF;±10%;0.60 ±0.03;0.30 ±0.03;0.30 ±0.03;0.10~0.20;0.2;;;;3.50%;10.0 GΩ;200%;IEC-60384;Reflow;No;1 KHz, 1 Vrms;Paper/PE Tape Reel 7 inch;0;0.00030 g;Ni-Sn;https://www.yageo.com/en/Chart/Download/pdf/CC0201KRX5R8BB393;https://www.yageo.com/upload/media/product/productsearch/datasheet/mlcc/UPY-GPHC_X5R_4V-to-50V_30.pdf;;
CC0201KRX5R8BB471;0201_063_033_033_020_023.STEP;;General Purpose;CC X5R;General purpose X5R;0201 (0603);X5R;-55 to +85°C;25.0;470 pF;±10%;0.60 ±0.03;0.30 ±0.03;0.30 ±0.03;0.10~0.20;0.2;;;;3.50%;10.0 GΩ;200%;IEC-60384;Reflow;No;1 KHz, 1 Vrms;Paper/PE Tape Reel 7 inch;15,000;0.00030 g;Ni-Sn;https://www.yageo.com/en/Chart/Download/pdf/CC0201KRX5R8BB471;https://www.yageo.com/upload/media/product/productsearch/datasheet/mlcc/UPY-GPHC_X5R_4V-to-50V_30.pdf;;
CC0201KRX5R8BB472;0201_063_033_033_020_023.STEP;;General Purpose;CC X5R;General purpose X5R;0201 (0603);X5R;-55 to +85°C;25.0;4.7 nF;±10%;0.60 ±0.03;0.30 ±0.03;0.30 ±0.03;0.10~0.20;0.2;;;;5.00%;10.0 GΩ;200%;IEC-60384;Reflow;No;1 KHz, 1 Vrms;Paper/PE Tape Reel 7 inch;15,000;0.00030 g;Ni-Sn;https://www.yageo.com/en/Chart/Download/pdf/CC0201KRX5R8BB472;https://www.yageo.com/upload/media/product/productsearch/datasheet/mlcc/UPY-GPHC_X5R_4V-to-50V_30.pdf;;
CC0201KRX5R8BB473;0201_063_033_033_020_023.STEP;;General Purpose;CC X5R;General purpose X5R;0201 (0603);X5R;-55 to +85°C;25.0;47 nF;±10%;0.60 ±0.03;0.30 ±0.03;0.30 ±0.03;0.10~0.20;0.2;;;;10.00%;2.13 GΩ;200%;IEC-60384;Reflow;No;1 KHz, 1 Vrms;Paper/PE Tape Reel 7 inch;15,000;0.00030 g;Ni-Sn;https://www.yageo.com/en/Chart/Download/pdf/CC0201KRX5R8BB473;https://www.yageo.com/upload/media/product/productsearch/datasheet/mlcc/UPY-GPHC_X5R_4V-to-50V_30.pdf;;
CC0201KRX5R8BB681;0201_063_033_033_020_023.STEP;;General Purpose;CC X5R;General purpose X5R;0201 (0603);X5R;-55 to +85°C;25.0;680 pF;±10%;0.60 ±0.03;0.30 ±0.03;0.30 ±0.03;0.10~0.20;0.2;;;;5.00%;10.0 GΩ;200%;IEC-60384;Reflow;No;1 KHz, 1 Vrms;Paper/PE Tape Reel 7 inch;15,000;0.00030 g;Ni-Sn;https://www.yageo.com/en/Chart/Download/pdf/CC0201KRX5R8BB681;https://www.yageo.com/upload/media/product/productsearch/datasheet/mlcc/UPY-GPHC_X5R_4V-to-50V_30.pdf;;
CC0201KRX5R8BB682;0201_063_033_033_020_023.STEP;;General Purpose;CC X5R;General purpose X5R;0201 (0603);X5R;-55 to +85°C;25.0;6.8 nF;±10%;0.60 ±0.03;0.30 ±0.03;0.30 ±0.03;0.10~0.20;0.2;;;;5.00%;10.0 GΩ;200%;IEC-60384;Reflow;No;1 KHz, 1 Vrms;Paper/PE Tape Reel 7 inch;15,000;0.00030 g;Ni-Sn;https://www.yageo.com/en/Chart/Download/pdf/CC0201KRX5R8BB682;https://www.yageo.com/upload/media/product/productsearch/datasheet/mlcc/UPY-GPHC_X5R_4V-to-50V_30.pdf;;
CC0201KRX5R9BB101;0201_063_033_033_020_023.STEP;;General Purpose;CC X5R;General purpose X5R;0201 (0603);X5R;-55 to +85°C;50.0;100 pF;±10%;0.60 ±0.03;0.30 ±0.03;0.30 ±0.03;0.10~0.20;0.2;;;;3.50%;10.0 GΩ;200%;IEC-60384;Reflow;No;1 KHz, 1 Vrms;Paper/PE Tape Reel 7 inch;15,000;0.00030 g;Ni-Sn;https://www.yageo.com/en/Chart/Download/pdf/CC0201KRX5R9BB101;https://www.yageo.com/upload/media/product/productsearch/datasheet/mlcc/UPY-GPHC_X5R_4V-to-50V_30.pdf;;
CC0201KRX5R9BB102;0201_063_033_033_020_023.STEP;;General Purpose;CC X5R;General purpose X5R;0201 (0603);X5R;-55 to +85°C;50.0;1 nF;±10%;0.60 ±0.03;0.30 ±0.03;0.30 ±0.03;0.10~0.20;0.2;;;;3.50%;10.0 GΩ;200%;IEC-60384;Reflow;No;1 KHz, 1 Vrms;Paper/PE Tape Reel 7 inch;15,000;0.00030 g;Ni-Sn;https://www.yageo.com/en/Chart/Download/pdf/CC0201KRX5R9BB102;https://www.yageo.com/upload/media/product/productsearch/datasheet/mlcc/UPY-GPHC_X5R_4V-to-50V_30.pdf;;
CC0201KRX5R9BB151;0201_063_033_033_020_023.STEP;;General Purpose;CC X5R;General purpose X5R;0201 (0603);X5R;-55 to +85°C;50.0;150 pF;±10%;0.60 ±0.03;0.30 ±0.03;0.30 ±0.03;0.10~0.20;0.2;;;;3.50%;10.0 GΩ;200%;IEC-60384;Reflow;No;1 KHz, 1 Vrms;Paper/PE Tape Reel 7 inch;15,000;0.00030 g;Ni-Sn;https://www.yageo.com/en/Chart/Download/pdf/CC0201KRX5R9BB151;https://www.yageo.com/upload/media/product/productsearch/datasheet/mlcc/UPY-GPHC_X5R_4V-to-50V_30.pdf;;
CC0201KRX5R9BB221;0201_063_033_033_020_023.STEP;;General Purpose;CC X5R;General purpose X5R;0201 (0603);X5R;-55 to +85°C;50.0;220 pF;±10%;0.60 ±0.03;0.30 ±0.03;0.30 ±0.03;0.10~0.20;0.2;;;;3.50%;10.0 GΩ;200%;IEC-60384;Reflow;No;1 KHz, 1 Vrms;Paper/PE Tape Reel 7 inch;15,000;0.00030 g;Ni-Sn;https://www.yageo.com/en/Chart/Download/pdf/CC0201KRX5R9BB221;https://www.yageo.com/upload/media/product/productsearch/datasheet/mlcc/UPY-GPHC_X5R_4V-to-50V_30.pdf;;
CC0201KRX5R9BB331;0201_063_033_033_020_023.STEP;;General Purpose;CC X5R;General purpose X5R;0201 (0603);X5R;-55 to +85°C;50.0;330 pF;±10%;0.60 ±0.03;0.30 ±0.03;0.30 ±0.03;0.10~0.20;0.2;;;;3.50%;10.0 GΩ;200%;IEC-60384;Reflow;No;1 KHz, 1 Vrms;Paper/PE Tape Reel 7 inch;15,000;0.00030 g;Ni-Sn;https://www.yageo.com/en/Chart/Download/pdf/CC0201KRX5R9BB331;https://www.yageo.com/upload/media/product/productsearch/datasheet/mlcc/UPY-GPHC_X5R_4V-to-50V_30.pdf;;
CC0201KRX5R9BB471;0201_063_033_033_020_023.STEP;;General Purpose;CC X5R;General purpose X5R;0201 (0603);X5R;-55 to +85°C;50.0;470 pF;±10%;0.60 ±0.03;0.30 ±0.03;0.30 ±0.03;0.10~0.20;0.2;;;;3.50%;10.0 GΩ;200%;IEC-60384;Reflow;No;1 KHz, 1 Vrms;Paper/PE Tape Reel 7 inch;15,000;0.00030 g;Ni-Sn;https://www.yageo.com/en/Chart/Download/pdf/CC0201KRX5R9BB471;https://www.yageo.com/upload/media/product/productsearch/datasheet/mlcc/UPY-GPHC_X5R_4V-to-50V_30.pdf;;
CC0201KRX5R9BB681;0201_063_033_033_020_023.STEP;;General Purpose;CC X5R;General purpose X5R;0201 (0603);X5R;-55 to +85°C;50.0;680 pF;±10%;0.60 ±0.03;0.30 ±0.03;0.30 ±0.03;0.10~0.20;0.2;;;;3.50%;10.0 GΩ;200%;IEC-60384;Reflow;No;1 KHz, 1 Vrms;Paper/PE Tape Reel 7 inch;15,000;0.00030 g;Ni-Sn;https://www.yageo.com/en/Chart/Download/pdf/CC0201KRX5R9BB681;https://www.yageo.com/upload/media/product/productsearch/datasheet/mlcc/UPY-GPHC_X5R_4V-to-50V_30.pdf;;
CC0201MPX5R4BB105;0201_065_035_035_020_025.STEP;;General Purpose;CC X5R;General purpose X5R;0201 (0603);X5R;-55 to +85°C;4;1 uF;±20%;0.6 ± 0.05;0.3 ± 0.05;0.3 ± 0.05;0.10~0.20;0.2;;;;10.00%;100 MΩ;100%;IEC-60384;Reflow;No;1 KHz, 1 Vrms;Paper/PE Tape Reel 13 inch;50,000;0.00030 g;Ni-Sn;https://www.yageo.com/en/Chart/Download/pdf/CC0201MPX5R4BB105;https://www.yageo.com/upload/media/product/productsearch/datasheet/mlcc/UPY-GPHC_X5R_4V-to-50V_30.pdf;;
CC0201MPX5R5BB105;0201_065_035_035_020_025.STEP;;General Purpose;CC X5R;General purpose X5R;0201 (0603);X5R;-55 to +85°C;6.3;1 uF;±20%;0.6 ± 0.05;0.3 ± 0.05;0.3 ± 0.05;0.10~0.20;0.2;;;;10.00%;100 MΩ;100%;IEC-60384;Reflow;No;1 KHz, 1 Vrms;Paper/PE Tape Reel 13 inch;50,000;0.00030 g;Ni-Sn;https://www.yageo.com/en/Chart/Download/pdf/CC0201MPX5R5BB105;https://www.yageo.com/upload/media/product/productsearch/datasheet/mlcc/UPY-GPHC_X5R_4V-to-50V_30.pdf;;
CC0201MPX5R5BB224;0201_063_033_033_020_023.STEP;;General Purpose;CC X5R;General purpose X5R;0201 (0603);X5R;-55 to +85°C;6.3;220 nF;±20%;0.60 ±0.03;0.30 ±0.03;0.30 ±0.03;0.10~0.20;0.2;;;;10.00%;454 MΩ;150%;IEC-60384;Reflow;No;1 KHz, 1 Vrms;Paper/PE Tape Reel 13 inch;50,000;0.00030 g;Ni-Sn;https://www.yageo.com/en/Chart/Download/pdf/CC0201MPX5R5BB224;https://www.yageo.com/upload/media/product/productsearch/datasheet/mlcc/UPY-GPHC_X5R_4V-to-50V_30.pdf;;
CC0201MPX5R5BB225;0201_069_039_039_025_020.STEP;;General Purpose;CC X5R;General purpose X5R;0201 (0603);X5R;-55 to +85°C;6.3;2.2 uF;±20%;0.60 ±0.09;0.30 ±0.09;0.30 ±0.09;0.10~0.25;0.2;;;;15.00%;22.7 MΩ;100%;IEC-60384;Reflow;No;1kHz, 0.5 Vrms;Paper/PE Tape Reel 13 inch;50,000;0.00030 g;Ni-Sn;https://www.yageo.com/en/Chart/Download/pdf/CC0201MPX5R5BB225;https://www.yageo.com/upload/media/product/productsearch/datasheet/mlcc/UPY-GPHC_X5R_4V-to-50V_30.pdf;;
CC0201MPX5R5BB474;0201_063_033_033_020_023.STEP;;General Purpose;CC X5R;General purpose X5R;0201 (0603);X5R;-55 to +85°C;6.3;470 nF;±20%;0.60 ±0.03;0.30 ±0.03;0.30 ±0.03;0.10~0.20;0.2;;;;10.00%;212 MΩ;100%;IEC-60384;Reflow;No;1 KHz, 1 Vrms;Paper/PE Tape Reel 13 inch;50,000;0.00030 g;Ni-Sn;https://www.yageo.com/en/Chart/Download/pdf/CC0201MPX5R5BB474;https://www.yageo.com/upload/media/product/productsearch/datasheet/mlcc/UPY-GPHC_X5R_4V-to-50V_30.pdf;;
CC0201MPX5R6BB105;0201_065_035_035_020_025.STEP;;General Purpose;CC X5R;General purpose X5R;0201 (0603);X5R;-55 to +85°C;10;1 uF;±20%;0.6 ± 0.05;0.3 ± 0.05;0.3 ± 0.05;0.10~0.20;0.2;;;;10.00%;50 MΩ;100%;IEC-60384;Reflow;No;1 KHz, 1 Vrms;Paper/PE Tape Reel 13 inch;50,000;0.00030 g;Ni-Sn;https://www.yageo.com/en/Chart/Download/pdf/CC0201MPX5R6BB105;https://www.yageo.com/upload/media/product/productsearch/datasheet/mlcc/UPY-GPHC_X5R_4V-to-50V_30.pdf;;
CC0201MPX5R6BB225;0201_069_039_039_025_020.STEP;;General Purpose;CC X5R;General purpose X5R;0201 (0603);X5R;-55 to +85°C;10;2.2 uF;±20%;0.60 ±0.09;0.30 ±0.09;0.30 ±0.09;0.10~0.25;0.2;;;;20.00%;22.7 MΩ;100%;IEC-60384;Reflow;No;1 KHz, 1 Vrms;Paper/PE Tape Reel 13 inch;50,000;0.00030 g;Ni-Sn;https://www.yageo.com/en/Chart/Download/pdf/CC0201MPX5R6BB225;https://www.yageo.com/upload/media/product/productsearch/datasheet/mlcc/UPY-GPHC_X5R_4V-to-50V_30.pdf;;
CC0201MRX5R4BB105;0201_065_035_035_020_025.STEP;;General Purpose;CC X5R;General purpose X5R;0201 (0603);X5R;-55 to +85°C;4;1 uF;±20%;0.6 ± 0.05;0.3 ± 0.05;0.3 ± 0.05;0.10~0.20;0.2;;;;10.00%;100 MΩ;100%;IEC-60384;Reflow;No;1 KHz, 1 Vrms;Paper/PE Tape Reel 7 inch;15,000;0.00030 g;Ni-Sn;https://www.yageo.com/en/Chart/Download/pdf/CC0201MRX5R4BB105;https://www.yageo.com/upload/media/product/productsearch/datasheet/mlcc/UPY-GPHC_X5R_4V-to-50V_30.pdf;;
CC0201MRX5R4BB225;0201_069_039_039_025_020.STEP;;General Purpose;CC X5R;General purpose X5R;0201 (0603);X5R;-55 to +85°C;4;2.2 uF;±20%;0.60 ±0.09;0.30 ±0.09;0.30 ±0.09;0.10~0.25;0.2;;;;15.00%;9 MΩ;100%;IEC-60384;Reflow;No;1kHz, 0.5 Vrms;Paper/PE Tape Reel 7 inch;15,000;0.00030 g;Ni-Sn;https://www.yageo.com/en/Chart/Download/pdf/CC0201MRX5R4BB225;https://www.yageo.com/upload/media/product/productsearch/datasheet/mlcc/UPY-GPHC_X5R_4V-to-50V_30.pdf;;
CC0201MRX5R4BB474;0201_063_033_033_020_023.STEP;;General Purpose;CC X5R;General purpose X5R;0201 (0603);X5R;-55 to +85°C;4;470 nF;±20%;0.60 ±0.03;0.30 ±0.03;0.30 ±0.03;0.10~0.20;0.2;;;;5.00%;212 MΩ;100%;IEC-60384;Reflow;No;1 KHz, 1 Vrms;Paper/PE Tape Reel 7 inch;15,000;0.00030 g;Ni-Sn;https://www.yageo.com/en/Chart/Download/pdf/CC0201MRX5R4BB474;https://www.yageo.com/upload/media/product/productsearch/datasheet/mlcc/UPY-GPHC_X5R_4V-to-50V_30.pdf;;
CC0201MRX5R5BB104;0201_063_033_033_020_023.STEP;;General Purpose;CC X5R;General purpose X5R;0201 (0603);X5R;-55 to +85°C;6.3;100 nF;±20%;0.60 ±0.03;0.30 ±0.03;0.30 ±0.03;0.10~0.20;0.2;;;;5.00%;1.0 GΩ;150%;IEC-60384;Reflow;No;1 KHz, 1 Vrms;Paper/PE Tape Reel 7 inch;15,000;0.00030 g;Ni-Sn;https://www.yageo.com/en/Chart/Download/pdf/CC0201MRX5R5BB104;https://www.yageo.com/upload/media/product/productsearch/datasheet/mlcc/UPY-GPHC_X5R_4V-to-50V_30.pdf;;
CC0201MRX5R5BB105;0201_065_035_035_020_025.STEP;;General Purpose;CC X5R;General purpose X5R;0201 (0603);X5R;-55 to +85°C;6.3;1 uF;±20%;0.6 ± 0.05;0.3 ± 0.05;0.3 ± 0.05;0.10~0.20;0.2;;;;10.00%;100 MΩ;100%;IEC-60384;Reflow;No;1 KHz, 1 Vrms;Paper/PE Tape Reel 7 inch;15,000;0.00030 g;Ni-Sn;https://www.yageo.com/en/Chart/Download/pdf/CC0201MRX5R5BB105;https://www.yageo.com/upload/media/product/productsearch/datasheet/mlcc/UPY-GPHC_X5R_4V-to-50V_30.pdf;;
CC0201MRX5R5BB224;0201_063_033_033_020_023.STEP;;General Purpose;CC X5R;General purpose X5R;0201 (0603);X5R;-55 to +85°C;6.3;220 nF;±20%;0.60 ±0.03;0.30 ±0.03;0.30 ±0.03;0.10~0.20;0.2;;;;10.00%;454 MΩ;150%;IEC-60384;Reflow;No;1 KHz, 1 Vrms;Paper/PE Tape Reel 7 inch;15,000;0.00030 g;Ni-Sn;https://www.yageo.com/en/Chart/Download/pdf/CC0201MRX5R5BB224;https://www.yageo.com/upload/media/product/productsearch/datasheet/mlcc/UPY-GPHC_X5R_4V-to-50V_30.pdf;;
CC0201MRX5R5BB225;0201_069_039_039_025_020.STEP;;General Purpose;CC X5R;General purpose X5R;0201 (0603);X5R;-55 to +85°C;6.3;2.2 uF;±20%;0.60 ±0.09;0.30 ±0.09;0.30 ±0.09;0.10~0.25;0.2;;;;15.00%;9 MΩ;100%;IEC-60384;Reflow;No;1kHz, 0.5 Vrms;Paper/PE Tape Reel 7 inch;15,000;0.00030 g;Ni-Sn;https://www.yageo.com/en/Chart/Download/pdf/CC0201MRX5R5BB225;https://www.yageo.com/upload/media/product/productsearch/datasheet/mlcc/UPY-GPHC_X5R_4V-to-50V_30.pdf;;
CC0201MRX5R5BB474;0201_063_033_033_020_023.STEP;;General Purpose;CC X5R;General purpose X5R;0201 (0603);X5R;-55 to +85°C;6.3;470 nF;±20%;0.60 ±0.03;0.30 ±0.03;0.30 ±0.03;0.10~0.20;0.2;;;;10.00%;212 MΩ;100%;IEC-60384;Reflow;No;1 KHz, 1 Vrms;Paper/PE Tape Reel 7 inch;15,000;0.00030 g;Ni-Sn;https://www.yageo.com/en/Chart/Download/pdf/CC0201MRX5R5BB474;https://www.yageo.com/upload/media/product/productsearch/datasheet/mlcc/UPY-GPHC_X5R_4V-to-50V_30.pdf;;
CC0201MRX5R6BB104;0201_063_033_033_020_023.STEP;;General Purpose;CC X5R;General purpose X5R;0201 (0603);X5R;-55 to +85°C;10;100 nF;±20%;0.60 ±0.03;0.30 ±0.03;0.30 ±0.03;0.10~0.20;0.2;;;;10.00%;1.0 GΩ;150%;IEC-60384;Reflow;No;1 KHz, 1 Vrms;Paper/PE Tape Reel 7 inch;15,000;0.00030 g;Ni-Sn;https://www.yageo.com/en/Chart/Download/pdf/CC0201MRX5R6BB104;https://www.yageo.com/upload/media/product/productsearch/datasheet/mlcc/UPY-GPHC_X5R_4V-to-50V_30.pdf;5C;16,000 V (AD) to < 25,000 V (AD)
CC0201MRX5R6BB105;0201_065_035_035_020_025.STEP;;General Purpose;CC X5R;General purpose X5R;0201 (0603);X5R;-55 to +85°C;10;1 uF;±20%;0.6 ± 0.05;0.3 ± 0.05;0.3 ± 0.05;0.10~0.20;0.2;;;;10.00%;50 MΩ;100%;IEC-60384;Reflow;No;1 KHz, 1 Vrms;Paper/PE Tape Reel 7 inch;15,000;0.00030 g;Ni-Sn;https://www.yageo.com/en/Chart/Download/pdf/CC0201MRX5R6BB105;https://www.yageo.com/upload/media/product/productsearch/datasheet/mlcc/UPY-GPHC_X5R_4V-to-50V_30.pdf;;
CC0201MRX5R6BB223;0201_063_033_033_020_023.STEP;;General Purpose;CC X5R;General purpose X5R;0201 (0603);X5R;-55 to +85°C;10;22 nF;±20%;0.60 ±0.03;0.30 ±0.03;0.30 ±0.03;0.10~0.20;0.2;;;;10.00%;10.0 GΩ;200%;IEC-60384;Reflow;No;1 KHz, 1 Vrms;Paper/PE Tape Reel 7 inch;15,000;0.00030 g;Ni-Sn;https://www.yageo.com/en/Chart/Download/pdf/CC0201MRX5R6BB223;https://www.yageo.com/upload/media/product/productsearch/datasheet/mlcc/UPY-GPHC_X5R_4V-to-50V_30.pdf;;
CC0201MRX5R6BB224;0201_063_033_033_020_023.STEP;;General Purpose;CC X5R;General purpose X5R;0201 (0603);X5R;-55 to +85°C;10;220 nF;±20%;0.60 ±0.03;0.30 ±0.03;0.30 ±0.03;0.10~0.20;0.2;;;;10.00%;454 MΩ;150%;IEC-60384;Reflow;No;1 KHz, 1 Vrms;Paper/PE Tape Reel 7 inch;15,000;0.00030 g;Ni-Sn;https://www.yageo.com/en/Chart/Download/pdf/CC0201MRX5R6BB224;https://www.yageo.com/upload/media/product/productsearch/datasheet/mlcc/UPY-GPHC_X5R_4V-to-50V_30.pdf;;
CC0201MRX5R6BB225;0201_069_039_039_025_020.STEP;;General Purpose;CC X5R;General purpose X5R;0201 (0603);X5R;-55 to +85°C;10;2.2 uF;±20%;0.60 ±0.09;0.30 ±0.09;0.30 ±0.09;0.10~0.25;0.2;;;;20.00%;9 MΩ;100%;IEC-60384;Reflow;No;1 KHz, 1 Vrms;Paper/PE Tape Reel 7 inch;15,000;0.00030 g;Ni-Sn;https://www.yageo.com/en/Chart/Download/pdf/CC0201MRX5R6BB225;https://www.yageo.com/upload/media/product/productsearch/datasheet/mlcc/UPY-GPHC_X5R_4V-to-50V_30.pdf;;
CC0201MRX5R6BB474;0201_063_033_033_020_023.STEP;;General Purpose;CC X5R;General purpose X5R;0201 (0603);X5R;-55 to +85°C;10;470 nF;±20%;0.60 ±0.03;0.30 ±0.03;0.30 ±0.03;0.10~0.20;0.2;;;;15.00%;212 MΩ;150%;IEC-60384;Reflow;No;1 KHz, 1 Vrms;Paper/PE Tape Reel 7 inch;15,000;0.00030 g;Ni-Sn;https://www.yageo.com/en/Chart/Download/pdf/CC0201MRX5R6BB474;https://www.yageo.com/upload/media/product/productsearch/datasheet/mlcc/UPY-GPHC_X5R_4V-to-50V_30.pdf;;
CC0201MRX5R7BB104;0201_063_033_033_020_023.STEP;;General Purpose;CC X5R;General purpose X5R;0201 (0603);X5R;-55 to +85°C;16;100 nF;±20%;0.60 ±0.03;0.30 ±0.03;0.30 ±0.03;0.10~0.20;0.2;;;;10.00%;1.0 GΩ;150%;IEC-60384;Reflow;No;1 KHz, 1 Vrms;Paper/PE Tape Reel 7 inch;15,000;0.00030 g;Ni-Sn;https://www.yageo.com/en/Chart/Download/pdf/CC0201MRX5R7BB104;https://www.yageo.com/upload/media/product/productsearch/datasheet/mlcc/UPY-GPHC_X5R_4V-to-50V_30.pdf;5C;16,000 V (AD) to < 25,000 V (AD)
CC0201MRX5R7BB105;0201_065_035_035_020_025.STEP;;General Purpose;CC X5R;General purpose X5R;0201 (0603);X5R;-55 to +85°C;16;1 uF;±20%;0.6 ± 0.09;0.3 ± 0.09;0.3 ± 0.09;0.10~0.25;0.2;;;;10.00%;50 MΩ;100%;IEC-60384;Reflow;No;1 KHz, 1 Vrms;Paper/PE Tape Reel 7 inch;15,000;0.00030 g;Ni-Sn;https://www.yageo.com/en/Chart/Download/pdf/CC0201MRX5R7BB105;https://www.yageo.com/upload/media/product/productsearch/datasheet/mlcc/UPY-GPHC_X5R_4V-to-50V_30.pdf;;
CC0201MRX5R7BB223;0201_063_033_033_020_023.STEP;;General Purpose;CC X5R;General purpose X5R;0201 (0603);X5R;-55 to +85°C;16;22 nF;±20%;0.60 ±0.03;0.30 ±0.03;0.30 ±0.03;0.10~0.20;0.2;;;;10.00%;4.54 GΩ;200%;IEC-60384;Reflow;No;1 KHz, 1 Vrms;Paper/PE Tape Reel 7 inch;15,000;0.00030 g;Ni-Sn;https://www.yageo.com/en/Chart/Download/pdf/CC0201MRX5R7BB223;https://www.yageo.com/upload/media/product/productsearch/datasheet/mlcc/UPY-GPHC_X5R_4V-to-50V_30.pdf;;
CC0201MRX5R7BB273;0201_063_033_033_020_023.STEP;;General Purpose;CC X5R;General purpose X5R;0201 (0603);X5R;-55 to +85°C;16;27 nF;±20%;0.60 ±0.03;0.30 ±0.03;0.30 ±0.03;0.10~0.20;0.2;;;;10.00%;3.70 GΩ;200%;IEC-60384;Reflow;No;1 KHz, 1 Vrms;Paper/PE Tape Reel 7 inch;15,000;0.00030 g;Ni-Sn;https://www.yageo.com/en/Chart/Download/pdf/CC0201MRX5R7BB273;https://www.yageo.com/upload/media/product/productsearch/datasheet/mlcc/UPY-GPHC_X5R_4V-to-50V_30.pdf;;
CC0201MRX5R8BB104;0201_063_033_033_020_023.STEP;;General Purpose;CC X5R;General purpose X5R;0201 (0603);X5R;-55 to +85°C;25;100 nF;±20%;0.60 ±0.03;0.30 ±0.03;0.30 ±0.03;0.10~0.20;0.2;;;;10.00%;1.0 GΩ;100%;IEC-60384;Reflow;No;1 KHz, 1 Vrms;Paper/PE Tape Reel 7 inch;15,000;0.00030 g;Ni-Sn;https://www.yageo.com/en/Chart/Download/pdf/CC0201MRX5R8BB104;https://www.yageo.com/upload/media/product/productsearch/datasheet/mlcc/UPY-GPHC_X5R_4V-to-50V_30.pdf;;
CC0402JRX5R6BB104;0402_105_055_055_035_035.STEP;;General Purpose;CC X5R;General purpose X5R;0402 (1005);X5R;-55 to +85°C;10;100 nF;±5%;1.00 ±0.05;0.50 ±0.05;0.50 ±0.05;0.15~0.35;0.3;;;;5.00%;5.0 GΩ;200%;IEC-60384;Reflow;No;1 KHz, 1 Vrms;Paper/PE Tape Reel 7 inch;10,000;0.00140 g;Ni-Sn;https://www.yageo.com/en/Chart/Download/pdf/CC0402JRX5R6BB104;https://www.yageo.com/upload/media/product/productsearch/datasheet/mlcc/UPY-GPHC_X5R_4V-to-50V_30.pdf;;
CC0402JRX5R6BB225;0402_105_055_055_035_035.STEP;;General Purpose;CC X5R;General purpose X5R;0402 (1005);X5R;-55 to +85°C;10V;2.2 uF;±5%;1.00 ±0.05;0.50 ±0.05;0.50 ±0.05;0.15~0.35;0.3;;;;10.00%;45.5 MΩ;150%;IEC-60384;Reflow;No;1 KHz, 1 Vrms;Paper/PE Tape Reel 7 inch;10,000;0.00140 g;Ni-Sn;https://www.yageo.com/en/Chart/Download/pdf/CC0402JRX5R6BB225;https://www.yageo.com/upload/media/product/productsearch/datasheet/mlcc/UPY-GPHC_X5R_4V-to-50V_30.pdf;;
CC0402KPX5R5BB105;0402_105_055_055_035_035.STEP;;General Purpose;CC X5R;General purpose X5R;0402 (1005);X5R;-55 to +85°C;6.3;1 uF;±10%;1.00 ±0.05;0.50 ±0.05;0.50 ±0.05;0.15~0.35;0.3;;;;10.00%;100 MΩ;150%;IEC-60384;Reflow;No;1 KHz, 1 Vrms;Paper/PE Tape Reel 13 inch;50,000;0.00140 g;Ni-Sn;https://www.yageo.com/en/Chart/Download/pdf/CC0402KPX5R5BB105;https://www.yageo.com/upload/media/product/productsearch/datasheet/mlcc/UPY-GPHC_X5R_4V-to-50V_30.pdf;;
CC0402KPX5R5BB224;0402_105_055_055_035_035.STEP;;General Purpose;CC X5R;General purpose X5R;0402 (1005);X5R;-55 to +85°C;6.3;220 nF;±10%;1.00 ±0.05;0.50 ±0.05;0.50 ±0.05;0.15~0.35;0.3;;;;10.00%;2.27 GΩ;200%;IEC-60384;Reflow;No;1 KHz, 1 Vrms;Paper/PE Tape Reel 13 inch;50,000;0.00140 g;Ni-Sn;https://www.yageo.com/en/Chart/Download/pdf/CC0402KPX5R5BB224;https://www.yageo.com/upload/media/product/productsearch/datasheet/mlcc/UPY-GPHC_X5R_4V-to-50V_30.pdf;;
CC0402KPX5R5BB225;0402_105_055_055_035_035.STEP;;General Purpose;CC X5R;General purpose X5R;0402 (1005);X5R;-55 to +85°C;6.3;2.2 uF;±10%;1.00 ±0.05;0.50 ±0.05;0.50 ±0.05;0.15~0.35;0.3;;;;10.00%;45.5 MΩ;150%;IEC-60384;Reflow;No;1kHz, 0.5 Vrms;Paper/PE Tape Reel 13 inch;50,000;0.00140 g;Ni-Sn;https://www.yageo.com/en/Chart/Download/pdf/CC0402KPX5R5BB225;https://www.yageo.com/upload/media/product/productsearch/datasheet/mlcc/UPY-GPHC_X5R_4V-to-50V_30.pdf;;
CC0402KPX5R5BB474;0402_105_055_055_035_035.STEP;;General Purpose;CC X5R;General purpose X5R;0402 (1005);X5R;-55 to +85°C;6.3;470 nF;±10%;1.00 ±0.05;0.50 ±0.05;0.50 ±0.05;0.15~0.35;0.3;;;;10.00%;1.06 GΩ;200%;IEC-60384;Reflow;No;1 KHz, 1 Vrms;Paper/PE Tape Reel 13 inch;50,000;0.00140 g;Ni-Sn;https://www.yageo.com/en/Chart/Download/pdf/CC0402KPX5R5BB474;https://www.yageo.com/upload/media/product/productsearch/datasheet/mlcc/UPY-GPHC_X5R_4V-to-50V_30.pdf;;
CC0402KPX5R5BB475;0402_115_065_065_035_045.STEP;;General Purpose;CC X5R;General purpose X5R;0402 (1005);X5R;-55 to +85°C;6.3;4.7 uF;±10%;1.00 ±0.15;0.50 ±0.15;0.50 ±0.15;0.15~0.35;0.3;;;;10.00%;106.4 MΩ;100%;IEC-60384;Reflow;No;1kHz, 0.5 Vrms;Paper/PE Tape Reel 13 inch;40,000;0.00140 g;Ni-Sn;https://www.yageo.com/en/Chart/Download/pdf/CC0402KPX5R5BB475;https://www.yageo.com/upload/media/product/productsearch/datasheet/mlcc/UPY-GPHC_X5R_4V-to-50V_30.pdf;;
CC0402KPX5R6BB104;0402_105_055_055_035_035.STEP;;General Purpose;CC X5R;General purpose X5R;0402 (1005);X5R;-55 to +85°C;10.0;100 nF;±10%;1.00 ±0.05;0.50 ±0.05;0.50 ±0.05;0.15~0.35;0.3;;;;5.00%;5.0 GΩ;200%;IEC-60384;Reflow;No;1 KHz, 1 Vrms;Paper/PE Tape Reel 13 inch;50,000;0.00140 g;Ni-Sn;https://www.yageo.com/en/Chart/Download/pdf/CC0402KPX5R6BB104;https://www.yageo.com/upload/media/product/productsearch/datasheet/mlcc/UPY-GPHC_X5R_4V-to-50V_30.pdf;;
CC0402KPX5R6BB105;0402_105_055_055_035_035.STEP;;General Purpose;CC X5R;General purpose X5R;0402 (1005);X5R;-55 to +85°C;10.0;1 uF;±10%;1.00 ±0.05;0.50 ±0.05;0.50 ±0.05;0.15~0.35;0.3;;;;10.00%;100 MΩ;150%;IEC-60384;Reflow;No;1 KHz, 1 Vrms;Paper/PE Tape Reel 13 inch;50,000;0.00140 g;Ni-Sn;https://www.yageo.com/en/Chart/Download/pdf/CC0402KPX5R6BB105;https://www.yageo.com/upload/media/product/productsearch/datasheet/mlcc/UPY-GPHC_X5R_4V-to-50V_30.pdf;;
CC0402KPX5R6BB224;0402_105_055_055_035_035.STEP;;General Purpose;CC X5R;General purpose X5R;0402 (1005);X5R;-55 to +85°C;10.0;220 nF;±10%;1.00 ±0.05;0.50 ±0.05;0.50 ±0.05;0.15~0.35;0.3;;;;10.00%;2.27 GΩ;200%;IEC-60384;Reflow;No;1 KHz, 1 Vrms;Paper/PE Tape Reel 13 inch;50,000;0.00140 g;Ni-Sn;https://www.yageo.com/en/Chart/Download/pdf/CC0402KPX5R6BB224;https://www.yageo.com/upload/media/product/productsearch/datasheet/mlcc/UPY-GPHC_X5R_4V-to-50V_30.pdf;;
CC0402KPX5R6BB225;0402_105_055_055_035_035.STEP;;General Purpose;CC X5R;General purpose X5R;0402 (1005);X5R;-55 to +85°C;10.0;2.2 uF;±10%;1.00 ±0.05;0.50 ±0.05;0.50 ±0.05;0.15~0.35;0.3;;;;10.00%;45.5 MΩ;150%;IEC-60384;Reflow;No;1 KHz, 1 Vrms;Paper/PE Tape Reel 13 inch;50,000;0.00140 g;Ni-Sn;https://www.yageo.com/en/Chart/Download/pdf/CC0402KPX5R6BB225;https://www.yageo.com/upload/media/product/productsearch/datasheet/mlcc/UPY-GPHC_X5R_4V-to-50V_30.pdf;;
CC0402KPX5R6BB334;0402_105_055_055_035_035.STEP;;General Purpose;CC X5R;General purpose X5R;0402 (1005);X5R;-55 to +85°C;10.0;330 nF;±10%;1.00 ±0.05;0.50 ±0.05;0.50 ±0.05;0.15~0.35;0.3;;;;10.00%;1.5 GΩ;200%;IEC-60384;Reflow;No;1 KHz, 1 Vrms;Paper/PE Tape Reel 13 inch;50,000;0.00140 g;Ni-Sn;https://www.yageo.com/en/Chart/Download/pdf/CC0402KPX5R6BB334;https://www.yageo.com/upload/media/product/productsearch/datasheet/mlcc/UPY-GPHC_X5R_4V-to-50V_30.pdf;;
CC0402KPX5R6BB473;0402_105_055_055_035_035.STEP;;General Purpose;CC X5R;General purpose X5R;0402 (1005);X5R;-55 to +85°C;10.0;47 nF;±10%;1.00 ±0.05;0.50 ±0.05;0.50 ±0.05;0.15~0.35;0.3;;;;5.00%;10.0 GΩ;200%;IEC-60384;Reflow;No;1 KHz, 1 Vrms;Paper/PE Tape Reel 13 inch;50,000;0.00140 g;Ni-Sn;https://www.yageo.com/en/Chart/Download/pdf/CC0402KPX5R6BB473;https://www.yageo.com/upload/media/product/productsearch/datasheet/mlcc/UPY-GPHC_X5R_4V-to-50V_30.pdf;;
CC0402KPX5R6BB474;0402_105_055_055_035_035.STEP;;General Purpose;CC X5R;General purpose X5R;0402 (1005);X5R;-55 to +85°C;10.0;470 nF;±10%;1.00 ±0.05;0.50 ±0.05;0.50 ±0.05;0.15~0.35;0.3;;;;10.00%;1.06 GΩ;200%;IEC-60384;Reflow;No;1 KHz, 1 Vrms;Paper/PE Tape Reel 13 inch;50,000;0.00140 g;Ni-Sn;https://www.yageo.com/en/Chart/Download/pdf/CC0402KPX5R6BB474;https://www.yageo.com/upload/media/product/productsearch/datasheet/mlcc/UPY-GPHC_X5R_4V-to-50V_30.pdf;;
CC0402KPX5R6BB475;0402_115_065_065_035_045.STEP;;General Purpose;CC X5R;General purpose X5R;0402 (1005);X5R;-55 to +85°C;10.0;4.7 uF;±10%;1.00 ±0.15;0.50 ±0.15;0.50 ±0.15;0.15~0.35;0.3;;;;10.00%;21.2 MΩ;100%;IEC-60384;Reflow;No;1 KHz, 1 Vrms;Paper/PE Tape Reel 13 inch;40,000;0.00140 g;Ni-Sn;https://www.yageo.com/en/Chart/Download/pdf/CC0402KPX5R6BB475;https://www.yageo.com/upload/media/product/productsearch/datasheet/mlcc/UPY-GPHC_X5R_4V-to-50V_30.pdf;;
CC0402KPX5R6BB683;0402_105_055_055_035_035.STEP;;General Purpose;CC X5R;General purpose X5R;0402 (1005);X5R;-55 to +85°C;10.0;68 nF;±10%;1.00 ±0.05;0.50 ±0.05;0.50 ±0.05;0.15~0.35;0.3;;;;5.00%;7.35 GΩ;200%;IEC-60384;Reflow;No;1 KHz, 1 Vrms;Paper/PE Tape Reel 13 inch;50,000;0.00140 g;Ni-Sn;https://www.yageo.com/en/Chart/Download/pdf/CC0402KPX5R6BB683;https://www.yageo.com/upload/media/product/productsearch/datasheet/mlcc/UPY-GPHC_X5R_4V-to-50V_30.pdf;;
CC0402KPX5R7BB104;0402_105_055_055_035_035.STEP;;General Purpose;CC X5R;General purpose X5R;0402 (1005);X5R;-55 to +85°C;16.0;100 nF;±10%;1.00 ±0.05;0.50 ±0.05;0.50 ±0.05;0.15~0.35;0.3;;;;10.00%;5.0 GΩ;200%;IEC-60384;Reflow;No;1 KHz, 1 Vrms;Paper/PE Tape Reel 13 inch;50,000;0.00140 g;Ni-Sn;https://www.yageo.com/en/Chart/Download/pdf/CC0402KPX5R7BB104;https://www.yageo.com/upload/media/product/productsearch/datasheet/mlcc/UPY-GPHC_X5R_4V-to-50V_30.pdf;;
CC0402KPX5R7BB105;0402_105_055_055_035_035.STEP;;General Purpose;CC X5R;General purpose X5R;0402 (1005);X5R;-55 to +85°C;16.0;1 uF;±10%;1.00 ±0.05;0.50 ±0.05;0.50 ±0.05;0.15~0.35;0.3;;;;10.00%;50 MΩ;150%;IEC-60384;Reflow;No;1 KHz, 1 Vrms;Paper/PE Tape Reel 13 inch;50,000;0.00140 g;Ni-Sn;https://www.yageo.com/en/Chart/Download/pdf/CC0402KPX5R7BB105;https://www.yageo.com/upload/media/product/productsearch/datasheet/mlcc/UPY-GPHC_X5R_4V-to-50V_30.pdf;;
CC0402KPX5R7BB224;0402_105_055_055_035_035.STEP;;General Purpose;CC X5R;General purpose X5R;0402 (1005);X5R;-55 to +85°C;16.0;220 nF;±10%;1.00 ±0.05;0.50 ±0.05;0.50 ±0.05;0.15~0.35;0.3;;;;10.00%;2.3 GΩ;200%;IEC-60384;Reflow;No;1 KHz, 1 Vrms;Paper/PE Tape Reel 13 inch;50,000;0.00140 g;Ni-Sn;https://www.yageo.com/en/Chart/Download/pdf/CC0402KPX5R7BB224;https://www.yageo.com/upload/media/product/productsearch/datasheet/mlcc/UPY-GPHC_X5R_4V-to-50V_30.pdf;;
CC0402KPX5R8BB104;0402_105_055_055_035_035.STEP;;General Purpose;CC X5R;General purpose X5R;0402 (1005);X5R;-55 to +85°C;25.0;100 nF;±10%;1.00 ±0.05;0.50 ±0.05;0.50 ±0.05;0.15~0.35;0.3;;;;5.00%;5.0 GΩ;200%;IEC-60384;Reflow;No;1 KHz, 1 Vrms;Paper/PE Tape Reel 13 inch;50,000;0.00140 g;Ni-Sn;https://www.yageo.com/en/Chart/Download/pdf/CC0402KPX5R8BB104;https://www.yageo.com/upload/media/product/productsearch/datasheet/mlcc/UPY-GPHC_X5R_4V-to-50V_30.pdf;;
CC0402KPX5R8BB105;0402_105_055_055_035_035.STEP;;General Purpose;CC X5R;General purpose X5R;0402 (1005);X5R;-55 to +85°C;25.0;1 uF;±10%;1.00 ±0.05;0.50 ±0.05;0.50 ±0.05;0.15~0.35;0.3;;;;10.00%;50 MΩ;150%;IEC-60384;Reflow;No;1 KHz, 1 Vrms;Paper/PE Tape Reel 13 inch;50,000;0.00140 g;Ni-Sn;https://www.yageo.com/en/Chart/Download/pdf/CC0402KPX5R8BB105;https://www.yageo.com/upload/media/product/productsearch/datasheet/mlcc/UPY-GPHC_X5R_4V-to-50V_30.pdf;;
CC0402KPX5R9BB104;0402_105_055_055_035_035.STEP;;General Purpose;CC X5R;General purpose X5R;0402 (1005);X5R;-55 to +85°C;50.0;100 nF;±10%;1.00 ±0.05;0.50 ±0.05;0.50 ±0.05;0.15~0.35;0.3;;;;5.00%;5.0 GΩ;200%;IEC-60384;Reflow;No;1 KHz, 1 Vrms;Paper/PE Tape Reel 13 inch;50,000;0.00140 g;Ni-Sn;https://www.yageo.com/en/Chart/Download/pdf/CC0402KPX5R9BB104;https://www.yageo.com/upload/media/product/productsearch/datasheet/mlcc/UPY-GPHC_X5R_4V-to-50V_30.pdf;;
CC0402KPX5R9BB333;0402_105_055_055_035_035.STEP;;General Purpose;CC X5R;General purpose X5R;0402 (1005);X5R;-55 to +85°C;50.0;33 nF;±10%;1.00 ±0.05;0.50 ±0.05;0.50 ±0.05;0.15~0.35;0.3;;;;5.00%;10.0 GΩ;200%;IEC-60384;Reflow;No;1 KHz, 1 Vrms;Paper/PE Tape Reel 13 inch;50,000;0.00140 g;Ni-Sn;https://www.yageo.com/en/Chart/Download/pdf/CC0402KPX5R9BB333;https://www.yageo.com/upload/media/product/productsearch/datasheet/mlcc/UPY-GPHC_X5R_4V-to-50V_30.pdf;;
CC0402KPX5R9BB473;0402_105_055_055_035_035.STEP;;General Purpose;CC X5R;General purpose X5R;0402 (1005);X5R;-55 to +85°C;50.0;47 nF;±10%;1.00 ±0.05;0.50 ±0.05;0.50 ±0.05;0.15~0.35;0.3;;;;5.00%;10.0 GΩ;200%;IEC-60384;Reflow;No;1 KHz, 1 Vrms;Paper/PE Tape Reel 13 inch;50,000;0.00140 g;Ni-Sn;https://www.yageo.com/en/Chart/Download/pdf/CC0402KPX5R9BB473;https://www.yageo.com/upload/media/product/productsearch/datasheet/mlcc/UPY-GPHC_X5R_4V-to-50V_30.pdf;;
CC0402KRX5R5BB103;0402_105_055_055_035_035.STEP;;General Purpose;CC X5R;General purpose X5R;0402 (1005);X5R;-55 to +85°C;6.3;10 nF;±10%;1.00 ±0.05;0.50 ±0.05;0.50 ±0.05;0.15~0.35;0.3;;;;5.00%;10.0 GΩ;200%;IEC-60384;Reflow;No;1 KHz, 1 Vrms;Paper/PE Tape Reel 7 inch;10,000;0.00140 g;Ni-Sn;https://www.yageo.com/en/Chart/Download/pdf/CC0402KRX5R5BB103;https://www.yageo.com/upload/media/product/productsearch/datasheet/mlcc/UPY-GPHC_X5R_4V-to-50V_30.pdf;;
CC0402KRX5R5BB104;0402_105_055_055_035_035.STEP;;General Purpose;CC X5R;General purpose X5R;0402 (1005);X5R;-55 to +85°C;6.3;100 nF;±10%;1.00 ±0.05;0.50 ±0.05;0.50 ±0.05;0.15~0.35;0.3;;;;5.00%;5.0 GΩ;200%;IEC-60384;Reflow;No;1 KHz, 1 Vrms;Paper/PE Tape Reel 7 inch;10,000;0.00140 g;Ni-Sn;https://www.yageo.com/en/Chart/Download/pdf/CC0402KRX5R5BB104;https://www.yageo.com/upload/media/product/productsearch/datasheet/mlcc/UPY-GPHC_X5R_4V-to-50V_30.pdf;;
CC0402KRX5R5BB105;0402_105_055_055_035_035.STEP;;General Purpose;CC X5R;General purpose X5R;0402 (1005);X5R;-55 to +85°C;6.3;1 uF;±10%;1.00 ±0.05;0.50 ±0.05;0.50 ±0.05;0.15~0.35;0.3;;;;10.00%;100 MΩ;150%;IEC-60384;Reflow;No;1 KHz, 1 Vrms;Paper/PE Tape Reel 7 inch;10,000;0.00140 g;Ni-Sn;https://www.yageo.com/en/Chart/Download/pdf/CC0402KRX5R5BB105;https://www.yageo.com/upload/media/product/productsearch/datasheet/mlcc/UPY-GPHC_X5R_4V-to-50V_30.pdf;;
CC0402KRX5R5BB154;0402_105_055_055_035_035.STEP;;General Purpose;CC X5R;General purpose X5R;0402 (1005);X5R;-55 to +85°C;6.3;150 nF;±10%;1.00 ±0.05;0.50 ±0.05;0.50 ±0.05;0.15~0.35;0.3;;;;10.00%;3.33 GΩ;200%;IEC-60384;Reflow;No;1 KHz, 1 Vrms;Paper/PE Tape Reel 7 inch;10,000;0.00140 g;Ni-Sn;https://www.yageo.com/en/Chart/Download/pdf/CC0402KRX5R5BB154;https://www.yageo.com/upload/media/product/productsearch/datasheet/mlcc/UPY-GPHC_X5R_4V-to-50V_30.pdf;;
CC0402KRX5R5BB184;0402_105_055_055_035_035.STEP;;General Purpose;CC X5R;General purpose X5R;0402 (1005);X5R;-55 to +85°C;6.3;180 nF;±10%;1.00 ±0.05;0.50 ±0.05;0.50 ±0.05;0.15~0.35;0.3;;;;10.00%;2.77 GΩ;200%;IEC-60384;Reflow;No;1 KHz, 1 Vrms;Paper/PE Tape Reel 7 inch;10,000;0.00140 g;Ni-Sn;https://www.yageo.com/en/Chart/Download/pdf/CC0402KRX5R5BB184;https://www.yageo.com/upload/media/product/productsearch/datasheet/mlcc/UPY-GPHC_X5R_4V-to-50V_30.pdf;;
CC0402KRX5R5BB224;0402_105_055_055_035_035.STEP;;General Purpose;CC X5R;General purpose X5R;0402 (1005);X5R;-55 to +85°C;6.3;220 nF;±10%;1.00 ±0.05;0.50 ±0.05;0.50 ±0.05;0.15~0.35;0.3;;;;10.00%;2.27 GΩ;200%;IEC-60384;Reflow;No;1 KHz, 1 Vrms;Paper/PE Tape Reel 7 inch;10,000;0.00140 g;Ni-Sn;https://www.yageo.com/en/Chart/Download/pdf/CC0402KRX5R5BB224;https://www.yageo.com/upload/media/product/productsearch/datasheet/mlcc/UPY-GPHC_X5R_4V-to-50V_30.pdf;;
CC0402KRX5R5BB225;0402_105_055_055_035_035.STEP;;General Purpose;CC X5R;General purpose X5R;0402 (1005);X5R;-55 to +85°C;6.3;2.2 uF;±10%;1.00 ±0.05;0.50 ±0.05;0.50 ±0.05;0.15~0.35;0.3;;;;10.00%;45.5 MΩ;150%;IEC-60384;Reflow;No;1kHz, 0.5 Vrms;Paper/PE Tape Reel 7 inch;10,000;0.00140 g;Ni-Sn;https://www.yageo.com/en/Chart/Download/pdf/CC0402KRX5R5BB225;https://www.yageo.com/upload/media/product/productsearch/datasheet/mlcc/UPY-GPHC_X5R_4V-to-50V_30.pdf;;
CC0402KRX5R5BB333;0402_105_055_055_035_035.STEP;;General Purpose;CC X5R;General purpose X5R;0402 (1005);X5R;-55 to +85°C;6.3;33 nF;±10%;1.00 ±0.05;0.50 ±0.05;0.50 ±0.05;0.15~0.35;0.3;;;;5.00%;10.0 GΩ;200%;IEC-60384;Reflow;No;1 KHz, 1 Vrms;Paper/PE Tape Reel 7 inch;10,000;0.00140 g;Ni-Sn;https://www.yageo.com/en/Chart/Download/pdf/CC0402KRX5R5BB333;https://www.yageo.com/upload/media/product/productsearch/datasheet/mlcc/UPY-GPHC_X5R_4V-to-50V_30.pdf;;
CC0402KRX5R5BB334;0402_105_055_055_035_035.STEP;;General Purpose;CC X5R;General purpose X5R;0402 (1005);X5R;-55 to +85°C;6.3;330 nF;±10%;1.00 ±0.05;0.50 ±0.05;0.50 ±0.05;0.15~0.35;0.3;;;;10.00%;1.5 GΩ;200%;IEC-60384;Reflow;No;1 KHz, 1 Vrms;Paper/PE Tape Reel 7 inch;10,000;0.00140 g;Ni-Sn;https://www.yageo.com/en/Chart/Download/pdf/CC0402KRX5R5BB334;https://www.yageo.com/upload/media/product/productsearch/datasheet/mlcc/UPY-GPHC_X5R_4V-to-50V_30.pdf;;
CC0402KRX5R5BB474;0402_105_055_055_035_035.STEP;;General Purpose;CC X5R;General purpose X5R;0402 (1005);X5R;-55 to +85°C;6.3;470 nF;±10%;1.00 ±0.05;0.50 ±0.05;0.50 ±0.05;0.15~0.35;0.3;;;;10.00%;1.06 GΩ;200%;IEC-60384;Reflow;No;1 KHz, 1 Vrms;Paper/PE Tape Reel 7 inch;10,000;0.00140 g;Ni-Sn;https://www.yageo.com/en/Chart/Download/pdf/CC0402KRX5R5BB474;https://www.yageo.com/upload/media/product/productsearch/datasheet/mlcc/UPY-GPHC_X5R_4V-to-50V_30.pdf;;
CC0402KRX5R5BB475;0402_115_065_065_035_045.STEP;;General Purpose;CC X5R;General purpose X5R;0402 (1005);X5R;-55 to +85°C;6.3;4.7 uF;±10%;1.00 ±0.15;0.50 ±0.15;0.50 ±0.15;0.15~0.35;0.3;;;;10.00%;21.2 MΩ;100%;IEC-60384;Reflow;No;1kHz, 0.5 Vrms;Paper/PE Tape Reel 7 inch;10,000;0.00140 g;Ni-Sn;https://www.yageo.com/en/Chart/Download/pdf/CC0402KRX5R5BB475;https://www.yageo.com/upload/media/product/productsearch/datasheet/mlcc/UPY-GPHC_X5R_4V-to-50V_30.pdf;;
CC0402KRX5R5BB684;0402_105_055_055_035_035.STEP;;General Purpose;CC X5R;General purpose X5R;0402 (1005);X5R;-55 to +85°C;6.3;680 nF;±10%;1.00 ±0.05;0.50 ±0.05;0.50 ±0.05;0.15~0.35;0.3;;;;10.00%;147 MΩ;200%;IEC-60384;Reflow;No;1 KHz, 1 Vrms;Paper/PE Tape Reel 7 inch;10,000;0.00140 g;Ni-Sn;https://www.yageo.com/en/Chart/Download/pdf/CC0402KRX5R5BB684;https://www.yageo.com/upload/media/product/productsearch/datasheet/mlcc/UPY-GPHC_X5R_4V-to-50V_30.pdf;;
CC0402KRX5R5BB824;0402_105_055_055_035_035.STEP;;General Purpose;CC X5R;General purpose X5R;0402 (1005);X5R;-55 to +85°C;6.3;820 nF;±10%;1.00 ±0.05;0.50 ±0.05;0.50 ±0.05;0.15~0.35;0.3;;;;10.00%;121 MΩ;200%;IEC-60384;Reflow;No;1 KHz, 1 Vrms;Paper/PE Tape Reel 7 inch;10,000;0.00140 g;Ni-Sn;https://www.yageo.com/en/Chart/Download/pdf/CC0402KRX5R5BB824;https://www.yageo.com/upload/media/product/productsearch/datasheet/mlcc/UPY-GPHC_X5R_4V-to-50V_30.pdf;;
CC0402KRX5R6BB103;0402_105_055_055_035_035.STEP;;General Purpose;CC X5R;General purpose X5R;0402 (1005);X5R;-55 to +85°C;10.0;10 nF;±10%;1.00 ±0.05;0.50 ±0.05;0.50 ±0.05;0.15~0.35;0.3;;;;5.00%;10.0 GΩ;200%;IEC-60384;Reflow;No;1 KHz, 1 Vrms;Paper/PE Tape Reel 7 inch;10,000;0.00140 g;Ni-Sn;https://www.yageo.com/en/Chart/Download/pdf/CC0402KRX5R6BB103;https://www.yageo.com/upload/media/product/productsearch/datasheet/mlcc/UPY-GPHC_X5R_4V-to-50V_30.pdf;;
CC0402KRX5R6BB104;0402_105_055_055_035_035.STEP;;General Purpose;CC X5R;General purpose X5R;0402 (1005);X5R;-55 to +85°C;10.0;100 nF;±10%;1.00 ±0.05;0.50 ±0.05;0.50 ±0.05;0.15~0.35;0.3;;;;5.00%;5.0 GΩ;200%;IEC-60384;Reflow;No;1 KHz, 1 Vrms;Paper/PE Tape Reel 7 inch;10,000;0.00140 g;Ni-Sn;https://www.yageo.com/en/Chart/Download/pdf/CC0402KRX5R6BB104;https://www.yageo.com/upload/media/product/productsearch/datasheet/mlcc/UPY-GPHC_X5R_4V-to-50V_30.pdf;;
CC0402KRX5R6BB105;0402_105_055_055_035_035.STEP;;General Purpose;CC X5R;General purpose X5R;0402 (1005);X5R;-55 to +85°C;10.0;1 uF;±10%;1.00 ±0.05;0.50 ±0.05;0.50 ±0.05;0.15~0.35;0.3;;;;10.00%;100 MΩ;150%;IEC-60384;Reflow;No;1 KHz, 1 Vrms;Paper/PE Tape Reel 7 inch;10,000;0.00140 g;Ni-Sn;https://www.yageo.com/en/Chart/Download/pdf/CC0402KRX5R6BB105;https://www.yageo.com/upload/media/product/productsearch/datasheet/mlcc/UPY-GPHC_X5R_4V-to-50V_30.pdf;;
CC0402KRX5R6BB124;0402_105_055_055_035_035.STEP;;General Purpose;CC X5R;General purpose X5R;0402 (1005);X5R;-55 to +85°C;10.0;120 nF;±10%;1.00 ±0.05;0.50 ±0.05;0.50 ±0.05;0.15~0.35;0.3;;;;10.00%;4.16 GΩ;200%;IEC-60384;Reflow;No;1 KHz, 1 Vrms;Paper/PE Tape Reel 7 inch;10,000;0.00140 g;Ni-Sn;https://www.yageo.com/en/Chart/Download/pdf/CC0402KRX5R6BB124;https://www.yageo.com/upload/media/product/productsearch/datasheet/mlcc/UPY-GPHC_X5R_4V-to-50V_30.pdf;;
CC0402KRX5R6BB152;0402_105_055_055_035_035.STEP;;General Purpose;CC X5R;General purpose X5R;0402 (1005);X5R;-55 to +85°C;10.0;1.5 nF;±10%;1.00 ±0.05;0.50 ±0.05;0.50 ±0.05;0.15~0.35;0.3;;;;5.00%;10.0 GΩ;200%;IEC-60384;Reflow;No;1 KHz, 1 Vrms;Paper/PE Tape Reel 7 inch;10,000;0.00140 g;Ni-Sn;https://www.yageo.com/en/Chart/Download/pdf/CC0402KRX5R6BB152;https://www.yageo.com/upload/media/product/productsearch/datasheet/mlcc/UPY-GPHC_X5R_4V-to-50V_30.pdf;;
CC0402KRX5R6BB154;0402_105_055_055_035_035.STEP;;General Purpose;CC X5R;General purpose X5R;0402 (1005);X5R;-55 to +85°C;10.0;150 nF;±10%;1.00 ±0.05;0.50 ±0.05;0.50 ±0.05;0.15~0.35;0.3;;;;10.00%;3.33 GΩ;200%;IEC-60384;Reflow;No;1 KHz, 1 Vrms;Paper/PE Tape Reel 7 inch;10,000;0.00140 g;Ni-Sn;https://www.yageo.com/en/Chart/Download/pdf/CC0402KRX5R6BB154;https://www.yageo.com/upload/media/product/productsearch/datasheet/mlcc/UPY-GPHC_X5R_4V-to-50V_30.pdf;;
CC0402KRX5R6BB184;0402_105_055_055_035_035.STEP;;General Purpose;CC X5R;General purpose X5R;0402 (1005);X5R;-55 to +85°C;10.0;180 nF;±10%;1.00 ±0.05;0.50 ±0.05;0.50 ±0.05;0.15~0.35;0.3;;;;10.00%;2.77 GΩ;200%;IEC-60384;Reflow;No;1 KHz, 1 Vrms;Paper/PE Tape Reel 7 inch;10,000;0.00140 g;Ni-Sn;https://www.yageo.com/en/Chart/Download/pdf/CC0402KRX5R6BB184;https://www.yageo.com/upload/media/product/productsearch/datasheet/mlcc/UPY-GPHC_X5R_4V-to-50V_30.pdf;;
CC0402KRX5R6BB224;0402_105_055_055_035_035.STEP;;General Purpose;CC X5R;General purpose X5R;0402 (1005);X5R;-55 to +85°C;10.0;220 nF;±10%;1.00 ±0.05;0.50 ±0.05;0.50 ±0.05;0.15~0.35;0.3;;;;10.00%;2.27 GΩ;200%;IEC-60384;Reflow;No;1 KHz, 1 Vrms;Paper/PE Tape Reel 7 inch;10,000;0.00140 g;Ni-Sn;https://www.yageo.com/en/Chart/Download/pdf/CC0402KRX5R6BB224;https://www.yageo.com/upload/media/product/productsearch/datasheet/mlcc/UPY-GPHC_X5R_4V-to-50V_30.pdf;;
CC0402KRX5R6BB225;0402_105_055_055_035_035.STEP;;General Purpose;CC X5R;General purpose X5R;0402 (1005);X5R;-55 to +85°C;10.0;2.2 uF;±10%;1.00 ±0.05;0.50 ±0.05;0.50 ±0.05;0.15~0.35;0.3;;;;10.00%;45.5 MΩ;150%;IEC-60384;Reflow;No;1 KHz, 1 Vrms;Paper/PE Tape Reel 7 inch;10,000;0.00140 g;Ni-Sn;https://www.yageo.com/en/Chart/Download/pdf/CC0402KRX5R6BB225;https://www.yageo.com/upload/media/product/productsearch/datasheet/mlcc/UPY-GPHC_X5R_4V-to-50V_30.pdf;;
CC0402KRX5R6BB333;0402_105_055_055_035_035.STEP;;General Purpose;CC X5R;General purpose X5R;0402 (1005);X5R;-55 to +85°C;10.0;33 nF;±10%;1.00 ±0.05;0.50 ±0.05;0.50 ±0.05;0.15~0.35;0.3;;;;5.00%;10.0 GΩ;200%;IEC-60384;Reflow;No;1 KHz, 1 Vrms;Paper/PE Tape Reel 7 inch;10,000;0.00140 g;Ni-Sn;https://www.yageo.com/en/Chart/Download/pdf/CC0402KRX5R6BB333;https://www.yageo.com/upload/media/product/productsearch/datasheet/mlcc/UPY-GPHC_X5R_4V-to-50V_30.pdf;;
CC0402KRX5R6BB334;0402_105_055_055_035_035.STEP;;General Purpose;CC X5R;General purpose X5R;0402 (1005);X5R;-55 to +85°C;10.0;330 nF;±10%;1.00 ±0.05;0.50 ±0.05;0.50 ±0.05;0.15~0.35;0.3;;;;10.00%;1.5 GΩ;200%;IEC-60384;Reflow;No;1 KHz, 1 Vrms;Paper/PE Tape Reel 7 inch;10,000;0.00140 g;Ni-Sn;https://www.yageo.com/en/Chart/Download/pdf/CC0402KRX5R6BB334;https://www.yageo.com/upload/media/product/productsearch/datasheet/mlcc/UPY-GPHC_X5R_4V-to-50V_30.pdf;;
CC0402KRX5R6BB394;0402_105_055_055_035_035.STEP;;General Purpose;CC X5R;General purpose X5R;0402 (1005);X5R;-55 to +85°C;10.0;390 nF;±10%;1.00 ±0.05;0.50 ±0.05;0.50 ±0.05;0.15~0.35;0.3;;;;10.00%;1.28 GΩ;200%;IEC-60384;Reflow;No;1 KHz, 1 Vrms;Paper/PE Tape Reel 7 inch;10,000;0.00140 g;Ni-Sn;https://www.yageo.com/en/Chart/Download/pdf/CC0402KRX5R6BB394;https://www.yageo.com/upload/media/product/productsearch/datasheet/mlcc/UPY-GPHC_X5R_4V-to-50V_30.pdf;;
CC0402KRX5R6BB473;0402_105_055_055_035_035.STEP;;General Purpose;CC X5R;General purpose X5R;0402 (1005);X5R;-55 to +85°C;10.0;47 nF;±10%;1.00 ±0.05;0.50 ±0.05;0.50 ±0.05;0.15~0.35;0.3;;;;5.00%;10.0 GΩ;200%;IEC-60384;Reflow;No;1 KHz, 1 Vrms;Paper/PE Tape Reel 7 inch;10,000;0.00140 g;Ni-Sn;https://www.yageo.com/en/Chart/Download/pdf/CC0402KRX5R6BB473;https://www.yageo.com/upload/media/product/productsearch/datasheet/mlcc/UPY-GPHC_X5R_4V-to-50V_30.pdf;;
CC0402KRX5R6BB474;0402_105_055_055_035_035.STEP;;General Purpose;CC X5R;General purpose X5R;0402 (1005);X5R;-55 to +85°C;10.0;470 nF;±10%;1.00 ±0.05;0.50 ±0.05;0.50 ±0.05;0.15~0.35;0.3;;;;10.00%;1.06 GΩ;200%;IEC-60384;Reflow;No;1 KHz, 1 Vrms;Paper/PE Tape Reel 7 inch;10,000;0.00140 g;Ni-Sn;https://www.yageo.com/en/Chart/Download/pdf/CC0402KRX5R6BB474;https://www.yageo.com/upload/media/product/productsearch/datasheet/mlcc/UPY-GPHC_X5R_4V-to-50V_30.pdf;;
CC0402KRX5R6BB475;0402_115_065_065_035_045.STEP;;General Purpose;CC X5R;General purpose X5R;0402 (1005);X5R;-55 to +85°C;10.0;4.7 uF;±10%;1.00 ±0.15;0.50 ±0.15;0.50 ±0.15;0.15~0.35;0.3;;;;10.00%;21.2 MΩ;100%;IEC-60384;Reflow;No;1 KHz, 1 Vrms;Paper/PE Tape Reel 7 inch;10,000;0.00140 g;Ni-Sn;https://www.yageo.com/en/Chart/Download/pdf/CC0402KRX5R6BB475;https://www.yageo.com/upload/media/product/productsearch/datasheet/mlcc/UPY-GPHC_X5R_4V-to-50V_30.pdf;;
CC0402KRX5R6BB683;0402_105_055_055_035_035.STEP;;General Purpose;CC X5R;General purpose X5R;0402 (1005);X5R;-55 to +85°C;10.0;68 nF;±10%;1.00 ±0.05;0.50 ±0.05;0.50 ±0.05;0.15~0.35;0.3;;;;5.00%;7.35 GΩ;200%;IEC-60384;Reflow;No;1 KHz, 1 Vrms;Paper/PE Tape Reel 7 inch;10,000;0.00140 g;Ni-Sn;https://www.yageo.com/en/Chart/Download/pdf/CC0402KRX5R6BB683;https://www.yageo.com/upload/media/product/productsearch/datasheet/mlcc/UPY-GPHC_X5R_4V-to-50V_30.pdf;;
CC0402KRX5R6BB684;0402_105_055_055_035_035.STEP;;General Purpose;CC X5R;General purpose X5R;0402 (1005);X5R;-55 to +85°C;10.0;680 nF;±10%;1.00 ±0.05;0.50 ±0.05;0.50 ±0.05;0.15~0.35;0.3;;;;10.00%;147 MΩ;200%;IEC-60384;Reflow;No;1 KHz, 1 Vrms;Paper/PE Tape Reel 7 inch;10,000;0.00140 g;Ni-Sn;https://www.yageo.com/en/Chart/Download/pdf/CC0402KRX5R6BB684;https://www.yageo.com/upload/media/product/productsearch/datasheet/mlcc/UPY-GPHC_X5R_4V-to-50V_30.pdf;;
CC0402KRX5R6BB823;0402_105_055_055_035_035.STEP;;General Purpose;CC X5R;General purpose X5R;0402 (1005);X5R;-55 to +85°C;10.0;82 nF;±10%;1.00 ±0.05;0.50 ±0.05;0.50 ±0.05;0.15~0.35;0.3;;;;5.00%;6.09 GΩ;200%;IEC-60384;Reflow;No;1 KHz, 1 Vrms;Paper/PE Tape Reel 7 inch;10,000;0.00140 g;Ni-Sn;https://www.yageo.com/en/Chart/Download/pdf/CC0402KRX5R6BB823;https://www.yageo.com/upload/media/product/productsearch/datasheet/mlcc/UPY-GPHC_X5R_4V-to-50V_30.pdf;;
CC0402KRX5R6BB824;0402_105_055_055_035_035.STEP;;General Purpose;CC X5R;General purpose X5R;0402 (1005);X5R;-55 to +85°C;10.0;820 nF;±10%;1.00 ±0.05;0.50 ±0.05;0.50 ±0.05;0.15~0.35;0.3;;;;10.00%;121 MΩ;200%;IEC-60384;Reflow;No;1 KHz, 1 Vrms;Paper/PE Tape Reel 7 inch;10,000;0.00140 g;Ni-Sn;https://www.yageo.com/en/Chart/Download/pdf/CC0402KRX5R6BB824;https://www.yageo.com/upload/media/product/productsearch/datasheet/mlcc/UPY-GPHC_X5R_4V-to-50V_30.pdf;;
CC0402KRX5R7BB103;0402_105_055_055_035_035.STEP;;General Purpose;CC X5R;General purpose X5R;0402 (1005);X5R;-55 to +85°C;16.0;10 nF;±10%;1.00 ±0.05;0.50 ±0.05;0.50 ±0.05;0.15~0.35;0.3;;;;5.00%;10.0 GΩ;200%;IEC-60384;Reflow;No;1 KHz, 1 Vrms;Paper/PE Tape Reel 7 inch;10,000;0.00140 g;Ni-Sn;https://www.yageo.com/en/Chart/Download/pdf/CC0402KRX5R7BB103;https://www.yageo.com/upload/media/product/productsearch/datasheet/mlcc/UPY-GPHC_X5R_4V-to-50V_30.pdf;;
CC0402KRX5R7BB104;0402_105_055_055_035_035.STEP;;General Purpose;CC X5R;General purpose X5R;0402 (1005);X5R;-55 to +85°C;16.0;100 nF;±10%;1.00 ±0.05;0.50 ±0.05;0.50 ±0.05;0.15~0.35;0.3;;;;10.00%;5.0 GΩ;200%;IEC-60384;Reflow;No;1 KHz, 1 Vrms;Paper/PE Tape Reel 7 inch;10,000;0.00140 g;Ni-Sn;https://www.yageo.com/en/Chart/Download/pdf/CC0402KRX5R7BB104;https://www.yageo.com/upload/media/product/productsearch/datasheet/mlcc/UPY-GPHC_X5R_4V-to-50V_30.pdf;;
CC0402KRX5R7BB105;0402_105_055_055_035_035.STEP;;General Purpose;CC X5R;General purpose X5R;0402 (1005);X5R;-55 to +85°C;16.0;1 uF;±10%;1.00 ±0.05;0.50 ±0.05;0.50 ±0.05;0.15~0.35;0.3;;;;10.00%;50 MΩ;150%;IEC-60384;Reflow;No;1 KHz, 1 Vrms;Paper/PE Tape Reel 7 inch;10,000;0.00140 g;Ni-Sn;https://www.yageo.com/en/Chart/Download/pdf/CC0402KRX5R7BB105;https://www.yageo.com/upload/media/product/productsearch/datasheet/mlcc/UPY-GPHC_X5R_4V-to-50V_30.pdf;;
CC0402KRX5R7BB153;0402_105_055_055_035_035.STEP;;General Purpose;CC X5R;General purpose X5R;0402 (1005);X5R;-55 to +85°C;16.0;15 nF;±10%;1.00 ±0.05;0.50 ±0.05;0.50 ±0.05;0.15~0.35;0.3;;;;5.00%;10.0 GΩ;200%;IEC-60384;Reflow;No;1 KHz, 1 Vrms;Paper/PE Tape Reel 7 inch;10,000;0.00140 g;Ni-Sn;https://www.yageo.com/en/Chart/Download/pdf/CC0402KRX5R7BB153;https://www.yageo.com/upload/media/product/productsearch/datasheet/mlcc/UPY-GPHC_X5R_4V-to-50V_30.pdf;;
CC0402KRX5R7BB154;0402_105_055_055_035_035.STEP;;General Purpose;CC X5R;General purpose X5R;0402 (1005);X5R;-55 to +85°C;16.0;150 nF;±10%;1.00 ±0.05;0.50 ±0.05;0.50 ±0.05;0.15~0.35;0.3;;;;10.00%;3.33 GΩ;200%;IEC-60384;Reflow;No;1 KHz, 1 Vrms;Paper/PE Tape Reel 7 inch;10,000;0.00140 g;Ni-Sn;https://www.yageo.com/en/Chart/Download/pdf/CC0402KRX5R7BB154;https://www.yageo.com/upload/media/product/productsearch/datasheet/mlcc/UPY-GPHC_X5R_4V-to-50V_30.pdf;;
CC0402KRX5R7BB222;0402_105_055_055_035_035.STEP;;General Purpose;CC X5R;General purpose X5R;0402 (1005);X5R;-55 to +85°C;16.0;2.2 nF;±10%;1.00 ±0.05;0.50 ±0.05;0.50 ±0.05;0.15~0.35;0.3;;;;5.00%;10.0 GΩ;200%;IEC-60384;Reflow;No;1 KHz, 1 Vrms;Paper/PE Tape Reel 7 inch;10,000;0.00140 g;Ni-Sn;https://www.yageo.com/en/Chart/Download/pdf/CC0402KRX5R7BB222;https://www.yageo.com/upload/media/product/productsearch/datasheet/mlcc/UPY-GPHC_X5R_4V-to-50V_30.pdf;;
CC0402KRX5R7BB223;0402_105_055_055_035_035.STEP;;General Purpose;CC X5R;General purpose X5R;0402 (1005);X5R;-55 to +85°C;16.0;22 nF;±10%;1.00 ±0.05;0.50 ±0.05;0.50 ±0.05;0.15~0.35;0.3;;;;5.00%;10.0 GΩ;200%;IEC-60384;Reflow;No;1 KHz, 1 Vrms;Paper/PE Tape Reel 7 inch;10,000;0.00140 g;Ni-Sn;https://www.yageo.com/en/Chart/Download/pdf/CC0402KRX5R7BB223;https://www.yageo.com/upload/media/product/productsearch/datasheet/mlcc/UPY-GPHC_X5R_4V-to-50V_30.pdf;;
CC0402KRX5R7BB224;0402_105_055_055_035_035.STEP;;General Purpose;CC X5R;General purpose X5R;0402 (1005);X5R;-55 to +85°C;16.0;220 nF;±10%;1.00 ±0.05;0.50 ±0.05;0.50 ±0.05;0.15~0.35;0.3;;;;10.00%;227 MΩ;200%;IEC-60384;Reflow;No;1 KHz, 1 Vrms;Paper/PE Tape Reel 7 inch;10,000;0.00140 g;Ni-Sn;https://www.yageo.com/en/Chart/Download/pdf/CC0402KRX5R7BB224;https://www.yageo.com/upload/media/product/productsearch/datasheet/mlcc/UPY-GPHC_X5R_4V-to-50V_30.pdf;;
CC0402KRX5R7BB225;0402_105_055_055_035_035.STEP;;General Purpose;CC X5R;General purpose X5R;0402 (1005);X5R;-55 to +85°C;16.0;2.2 uF;±10%;1.00 ±0.20;0.50 ±0.20;0.50 ±0.20;0.15~0.35;0.3;;;;10.00%;22.7 MΩ;150%;IEC-60384;Reflow;No;1 KHz, 1 Vrms;Paper/PE Tape Reel 7 inch;10,000;0.00140 g;Ni-Sn;https://www.yageo.com/en/Chart/Download/pdf/CC0402KRX5R7BB225;https://www.yageo.com/upload/media/product/productsearch/datasheet/mlcc/UPY-GPHC_X5R_4V-to-50V_30.pdf;;
CC0402KRX5R7BB333;0402_105_055_055_035_035.STEP;;General Purpose;CC X5R;General purpose X5R;0402 (1005);X5R;-55 to +85°C;16.0;33 nF;±10%;1.00 ±0.05;0.50 ±0.05;0.50 ±0.05;0.15~0.35;0.3;;;;5.00%;10.0 GΩ;200%;IEC-60384;Reflow;No;1 KHz, 1 Vrms;Paper/PE Tape Reel 7 inch;10,000;0.00140 g;Ni-Sn;https://www.yageo.com/en/Chart/Download/pdf/CC0402KRX5R7BB333;https://www.yageo.com/upload/media/product/productsearch/datasheet/mlcc/UPY-GPHC_X5R_4V-to-50V_30.pdf;;
CC0402KRX5R7BB473;0402_105_055_055_035_035.STEP;;General Purpose;CC X5R;General purpose X5R;0402 (1005);X5R;-55 to +85°C;16.0;47 nF;±10%;1.00 ±0.05;0.50 ±0.05;0.50 ±0.05;0.15~0.35;0.3;;;;5.00%;10.0 GΩ;200%;IEC-60384;Reflow;No;1 KHz, 1 Vrms;Paper/PE Tape Reel 7 inch;10,000;0.00140 g;Ni-Sn;https://www.yageo.com/en/Chart/Download/pdf/CC0402KRX5R7BB473;https://www.yageo.com/upload/media/product/productsearch/datasheet/mlcc/UPY-GPHC_X5R_4V-to-50V_30.pdf;;
CC0402KRX5R7BB474;0402_105_055_055_035_035.STEP;;General Purpose;CC X5R;General purpose X5R;0402 (1005);X5R;-55 to +85°C;16.0;470 nF;±10%;1.00 ±0.10;0.50 ±0.10;0.50 ±0.10;0.15~0.35;0.3;;;;10.00%;106 MΩ;200%;IEC-60384;Reflow;No;1 KHz, 1 Vrms;Paper/PE Tape Reel 7 inch;10,000;0.00140 g;Ni-Sn;https://www.yageo.com/en/Chart/Download/pdf/CC0402KRX5R7BB474;https://www.yageo.com/upload/media/product/productsearch/datasheet/mlcc/UPY-GPHC_X5R_4V-to-50V_30.pdf;;
CC0402KRX5R7BB563;0402_105_055_055_035_035.STEP;;General Purpose;CC X5R;General purpose X5R;0402 (1005);X5R;-55 to +85°C;16.0;56 nF;±10%;1.00 ±0.05;0.50 ±0.05;0.50 ±0.05;0.15~0.35;0.3;;;;5.00%;8.92 GΩ;200%;IEC-60384;Reflow;No;1 KHz, 1 Vrms;Paper/PE Tape Reel 7 inch;10,000;0.00140 g;Ni-Sn;https://www.yageo.com/en/Chart/Download/pdf/CC0402KRX5R7BB563;https://www.yageo.com/upload/media/product/productsearch/datasheet/mlcc/UPY-GPHC_X5R_4V-to-50V_30.pdf;;
CC0402KRX5R7BB683;0402_105_055_055_035_035.STEP;;General Purpose;CC X5R;General purpose X5R;0402 (1005);X5R;-55 to +85°C;16.0;68 nF;±10%;1.00 ±0.05;0.50 ±0.05;0.50 ±0.05;0.15~0.35;0.3;;;;5.00%;7.35 GΩ;200%;IEC-60384;Reflow;No;1 KHz, 1 Vrms;Paper/PE Tape Reel 7 inch;10,000;0.00140 g;Ni-Sn;https://www.yageo.com/en/Chart/Download/pdf/CC0402KRX5R7BB683;https://www.yageo.com/upload/media/product/productsearch/datasheet/mlcc/UPY-GPHC_X5R_4V-to-50V_30.pdf;;
CC0402KRX5R7BB823;0402_105_055_055_035_035.STEP;;General Purpose;CC X5R;General purpose X5R;0402 (1005);X5R;-55 to +85°C;16.0;82 nF;±10%;1.00 ±0.05;0.50 ±0.05;0.50 ±0.05;0.15~0.35;0.3;;;;5.00%;6.09 GΩ;200%;IEC-60384;Reflow;No;1 KHz, 1 Vrms;Paper/PE Tape Reel 7 inch;10,000;0.00140 g;Ni-Sn;https://www.yageo.com/en/Chart/Download/pdf/CC0402KRX5R7BB823;https://www.yageo.com/upload/media/product/productsearch/datasheet/mlcc/UPY-GPHC_X5R_4V-to-50V_30.pdf;;
CC0402KRX5R8BB102;0402_105_055_055_035_035.STEP;;General Purpose;CC X5R;General purpose X5R;0402 (1005);X5R;-55 to +85°C;25.0;1 nF;±10%;1.00 ±0.05;0.50 ±0.05;0.50 ±0.05;0.15~0.35;0.3;;;;3.50%;10.0 GΩ;200%;IEC-60384;Reflow;No;1 KHz, 1 Vrms;Paper/PE Tape Reel 7 inch;10,000;0.00140 g;Ni-Sn;https://www.yageo.com/en/Chart/Download/pdf/CC0402KRX5R8BB102;https://www.yageo.com/upload/media/product/productsearch/datasheet/mlcc/UPY-GPHC_X5R_4V-to-50V_30.pdf;;
CC0402KRX5R8BB103;0402_105_055_055_035_035.STEP;;General Purpose;CC X5R;General purpose X5R;0402 (1005);X5R;-55 to +85°C;25.0;10 nF;±10%;1.00 ±0.05;0.50 ±0.05;0.50 ±0.05;0.15~0.35;0.3;;;;3.50%;10.0 GΩ;200%;IEC-60384;Reflow;No;1 KHz, 1 Vrms;Paper/PE Tape Reel 7 inch;10,000;0.00140 g;Ni-Sn;https://www.yageo.com/en/Chart/Download/pdf/CC0402KRX5R8BB103;https://www.yageo.com/upload/media/product/productsearch/datasheet/mlcc/UPY-GPHC_X5R_4V-to-50V_30.pdf;;
CC0402KRX5R8BB104;0402_105_055_055_035_035.STEP;;General Purpose;CC X5R;General purpose X5R;0402 (1005);X5R;-55 to +85°C;25.0;100 nF;±10%;1.00 ±0.05;0.50 ±0.05;0.50 ±0.05;0.15~0.35;0.3;;;;5.00%;5.0 GΩ;200%;IEC-60384;Reflow;No;1 KHz, 1 Vrms;Paper/PE Tape Reel 7 inch;10,000;0.00140 g;Ni-Sn;https://www.yageo.com/en/Chart/Download/pdf/CC0402KRX5R8BB104;https://www.yageo.com/upload/media/product/productsearch/datasheet/mlcc/UPY-GPHC_X5R_4V-to-50V_30.pdf;;
CC0402KRX5R8BB105;0402_105_055_055_035_035.STEP;;General Purpose;CC X5R;General purpose X5R;0402 (1005);X5R;-55 to +85°C;25.0;1 uF;±10%;1.00 ±0.05;0.50 ±0.05;0.50 ±0.05;0.15~0.35;0.3;;;;10.00%;50 MΩ;150%;IEC-60384;Reflow;No;1 KHz, 1 Vrms;Paper/PE Tape Reel 7 inch;10,000;0.00140 g;Ni-Sn;https://www.yageo.com/en/Chart/Download/pdf/CC0402KRX5R8BB105;https://www.yageo.com/upload/media/product/productsearch/datasheet/mlcc/UPY-GPHC_X5R_4V-to-50V_30.pdf;;
CC0402KRX5R8BB154;0402_105_055_055_035_035.STEP;;General Purpose;CC X5R;General purpose X5R;0402 (1005);X5R;-55 to +85°C;25.0;150 nF;±10%;1.00 ±0.05;0.50 ±0.05;0.50 ±0.05;0.15~0.35;0.3;;;;10.00%;3.33 GΩ;200%;IEC-60384;Reflow;No;1 KHz, 1 Vrms;Paper/PE Tape Reel 7 inch;10,000;0.00140 g;Ni-Sn;https://www.yageo.com/en/Chart/Download/pdf/CC0402KRX5R8BB154;https://www.yageo.com/upload/media/product/productsearch/datasheet/mlcc/UPY-GPHC_X5R_4V-to-50V_30.pdf;;
CC0402KRX5R8BB223;0402_105_055_055_035_035.STEP;;General Purpose;CC X5R;General purpose X5R;0402 (1005);X5R;-55 to +85°C;25.0;22 nF;±10%;1.00 ±0.05;0.50 ±0.05;0.50 ±0.05;0.15~0.35;0.3;;;;3.50%;10.0 GΩ;200%;IEC-60384;Reflow;No;1 KHz, 1 Vrms;Paper/PE Tape Reel 7 inch;10,000;0.00140 g;Ni-Sn;https://www.yageo.com/en/Chart/Download/pdf/CC0402KRX5R8BB223;https://www.yageo.com/upload/media/product/productsearch/datasheet/mlcc/UPY-GPHC_X5R_4V-to-50V_30.pdf;;
CC0402KRX5R8BB224;0402_105_055_055_035_035.STEP;;General Purpose;CC X5R;General purpose X5R;0402 (1005);X5R;-55 to +85°C;25.0;220 nF;±10%;1.00 ±0.05;0.50 ±0.05;0.50 ±0.05;0.15~0.35;0.3;;;;10.00%;227 MΩ;200%;IEC-60384;Reflow;No;1 KHz, 1 Vrms;Paper/PE Tape Reel 7 inch;10,000;0.00140 g;Ni-Sn;https://www.yageo.com/en/Chart/Download/pdf/CC0402KRX5R8BB224;https://www.yageo.com/upload/media/product/productsearch/datasheet/mlcc/UPY-GPHC_X5R_4V-to-50V_30.pdf;;
CC0402KRX5R8BB225;0402_120_070_070_035_050.STEP;;General Purpose;CC X5R;General purpose X5R;0402 (1005);X5R;-55 to +85°C;25.0;2.2 uF;±10%;1.00 ±0.20;0.50 ±0.20;0.50 ±0.20;0.15~0.35;0.3;;;;10.00%;22.7 MΩ;150%;IEC-60384;Reflow;No;1 KHz, 1 Vrms;Paper/PE Tape Reel 7 inch;10,000;0.00140 g;Ni-Sn;https://www.yageo.com/en/Chart/Download/pdf/CC0402KRX5R8BB225;https://www.yageo.com/upload/media/product/productsearch/datasheet/mlcc/UPY-GPHC_X5R_4V-to-50V_30.pdf;;
CC0402KRX5R8BB471;0402_105_055_055_035_035.STEP;;General Purpose;CC X5R;General purpose X5R;0402 (1005);X5R;-55 to +85°C;25.0;470 pF;±10%;1.00 ±0.05;0.50 ±0.05;0.50 ±0.05;0.15~0.35;0.3;;;;3.50%;10.0 GΩ;200%;IEC-60384;Reflow;No;1 KHz, 1 Vrms;Paper/PE Tape Reel 7 inch;10,000;0.00140 g;Ni-Sn;https://www.yageo.com/en/Chart/Download/pdf/CC0402KRX5R8BB471;https://www.yageo.com/upload/media/product/productsearch/datasheet/mlcc/UPY-GPHC_X5R_4V-to-50V_30.pdf;;
CC0402KRX5R8BB473;0402_105_055_055_035_035.STEP;;General Purpose;CC X5R;General purpose X5R;0402 (1005);X5R;-55 to +85°C;25.0;47 nF;±10%;1.00 ±0.05;0.50 ±0.05;0.50 ±0.05;0.15~0.35;0.3;;;;5.00%;10.0 GΩ;200%;IEC-60384;Reflow;No;1 KHz, 1 Vrms;Paper/PE Tape Reel 7 inch;10,000;0.00140 g;Ni-Sn;https://www.yageo.com/en/Chart/Download/pdf/CC0402KRX5R8BB473;https://www.yageo.com/upload/media/product/productsearch/datasheet/mlcc/UPY-GPHC_X5R_4V-to-50V_30.pdf;;
CC0402KRX5R8BB474;0402_105_055_055_035_035.STEP;;General Purpose;CC X5R;General purpose X5R;0402 (1005);X5R;-55 to +85°C;25.0;470 nF;±10%;1.00 ±0.10;0.50 ±0.10;0.50 ±0.10;0.15~0.35;0.3;;;;10.00%;106 MΩ;150%;IEC-60384;Reflow;No;1 KHz, 1 Vrms;Paper/PE Tape Reel 7 inch;10,000;0.00140 g;Ni-Sn;https://www.yageo.com/en/Chart/Download/pdf/CC0402KRX5R8BB474;https://www.yageo.com/upload/media/product/productsearch/datasheet/mlcc/UPY-GPHC_X5R_4V-to-50V_30.pdf;;
CC0402KRX5R8BB681;0402_105_055_055_035_035.STEP;;General Purpose;CC X5R;General purpose X5R;0402 (1005);X5R;-55 to +85°C;25.0;680 pF;±10%;1.00 ±0.05;0.50 ±0.05;0.50 ±0.05;0.15~0.35;0.3;;;;3.50%;10.0 GΩ;200%;IEC-60384;Reflow;No;1 KHz, 1 Vrms;Paper/PE Tape Reel 7 inch;10,000;0.00140 g;Ni-Sn;https://www.yageo.com/en/Chart/Download/pdf/CC0402KRX5R8BB681;https://www.yageo.com/upload/media/product/productsearch/datasheet/mlcc/UPY-GPHC_X5R_4V-to-50V_30.pdf;;
CC0402KRX5R9BB102;0402_105_055_055_035_035.STEP;;General Purpose;CC X5R;General purpose X5R;0402 (1005);X5R;-55 to +85°C;50.0;1 nF;±10%;1.00 ±0.05;0.50 ±0.05;0.50 ±0.05;0.15~0.35;0.3;;;;3.50%;10.0 GΩ;200%;IEC-60384;Reflow;No;1 KHz, 1 Vrms;Paper/PE Tape Reel 7 inch;10,000;0.00140 g;Ni-Sn;https://www.yageo.com/en/Chart/Download/pdf/CC0402KRX5R9BB102;https://www.yageo.com/upload/media/product/productsearch/datasheet/mlcc/UPY-GPHC_X5R_4V-to-50V_30.pdf;;
CC0402KRX5R9BB104;0402_105_055_055_035_035.STEP;;General Purpose;CC X5R;General purpose X5R;0402 (1005);X5R;-55 to +85°C;50.0;100 nF;±10%;1.00 ±0.05;0.50 ±0.05;0.50 ±0.05;0.15~0.35;0.3;;;;5.00%;5.0 GΩ;200%;IEC-60384;Reflow;No;1 KHz, 1 Vrms;Paper/PE Tape Reel 7 inch;10,000;0.00140 g;Ni-Sn;https://www.yageo.com/en/Chart/Download/pdf/CC0402KRX5R9BB104;https://www.yageo.com/upload/media/product/productsearch/datasheet/mlcc/UPY-GPHC_X5R_4V-to-50V_30.pdf;;
CC0402KRX5R9BB105;0402_105_055_055_035_035.STEP;;General Purpose;CC X5R;General purpose X5R;0402 (1005);X5R;-55 to +85°C;50.0;1 uF;±10%;1.00 ±0.20;0.50 ±0.20;0.50 ±0.20;0.15~0.35;0.3;;;;10.00%;50 MΩ;150%;IEC-60384;Reflow;No;1 KHz, 1 Vrms;Paper/PE Tape Reel 7 inch;10,000;0.00140 g;Ni-Sn;https://www.yageo.com/en/Chart/Download/pdf/CC0402KRX5R9BB105;https://www.yageo.com/upload/media/product/productsearch/datasheet/mlcc/UPY-GPHC_X5R_4V-to-50V_30.pdf;;
CC0402KRX5R9BB152;0402_105_055_055_035_035.STEP;;General Purpose;CC X5R;General purpose X5R;0402 (1005);X5R;-55 to +85°C;50.0;1.5 nF;±10%;1.00 ±0.05;0.50 ±0.05;0.50 ±0.05;0.15~0.35;0.3;;;;3.50%;10.0 GΩ;200%;IEC-60384;Reflow;No;1 KHz, 1 Vrms;Paper/PE Tape Reel 7 inch;10,000;0.00140 g;Ni-Sn;https://www.yageo.com/en/Chart/Download/pdf/CC0402KRX5R9BB152;https://www.yageo.com/upload/media/product/productsearch/datasheet/mlcc/UPY-GPHC_X5R_4V-to-50V_30.pdf;;
CC0402KRX5R9BB222;0402_105_055_055_035_035.STEP;;General Purpose;CC X5R;General purpose X5R;0402 (1005);X5R;-55 to +85°C;50.0;2.2 nF;±10%;1.00 ±0.05;0.50 ±0.05;0.50 ±0.05;0.15~0.35;0.3;;;;3.50%;10.0 GΩ;200%;IEC-60384;Reflow;No;1 KHz, 1 Vrms;Paper/PE Tape Reel 7 inch;10,000;0.00140 g;Ni-Sn;https://www.yageo.com/en/Chart/Download/pdf/CC0402KRX5R9BB222;https://www.yageo.com/upload/media/product/productsearch/datasheet/mlcc/UPY-GPHC_X5R_4V-to-50V_30.pdf;;
CC0402KRX5R9BB223;0402_105_055_055_035_035.STEP;;General Purpose;CC X5R;General purpose X5R;0402 (1005);X5R;-55 to +85°C;50.0;22 nF;±10%;1.00 ±0.05;0.50 ±0.05;0.50 ±0.05;0.15~0.35;0.3;;;;3.50%;10.0 GΩ;200%;IEC-60384;Reflow;No;1 KHz, 1 Vrms;Paper/PE Tape Reel 7 inch;10,000;0.00140 g;Ni-Sn;https://www.yageo.com/en/Chart/Download/pdf/CC0402KRX5R9BB223;https://www.yageo.com/upload/media/product/productsearch/datasheet/mlcc/UPY-GPHC_X5R_4V-to-50V_30.pdf;;
CC0402KRX5R9BB224;0402_105_055_055_035_035.STEP;;General Purpose;CC X5R;General purpose X5R;0402 (1005);X5R;-55 to +85°C;50.0;220 nF;±10%;1.00 ±0.05;0.50 ±0.05;0.50 ±0.05;0.15~0.35;0.3;;;;7.00%;227 MΩ;150%;IEC-60384;Reflow;No;1 KHz, 1 Vrms;Paper/PE Tape Reel 7 inch;10,000;0.00140 g;Ni-Sn;https://www.yageo.com/en/Chart/Download/pdf/CC0402KRX5R9BB224;https://www.yageo.com/upload/media/product/productsearch/datasheet/mlcc/UPY-GPHC_X5R_4V-to-50V_30.pdf;;
CC0402KRX5R9BB333;0402_105_055_055_035_035.STEP;;General Purpose;CC X5R;General purpose X5R;0402 (1005);X5R;-55 to +85°C;50.0;33 nF;±10%;1.00 ±0.05;0.50 ±0.05;0.50 ±0.05;0.15~0.35;0.3;;;;5.00%;10.0 GΩ;200%;IEC-60384;Reflow;No;1 KHz, 1 Vrms;Paper/PE Tape Reel 7 inch;10,000;0.00140 g;Ni-Sn;https://www.yageo.com/en/Chart/Download/pdf/CC0402KRX5R9BB333;https://www.yageo.com/upload/media/product/productsearch/datasheet/mlcc/UPY-GPHC_X5R_4V-to-50V_30.pdf;;
CC0402KRX5R9BB471;0402_105_055_055_035_035.STEP;;General Purpose;CC X5R;General purpose X5R;0402 (1005);X5R;-55 to +85°C;50.0;470 pF;±10%;1.00 ±0.05;0.50 ±0.05;0.50 ±0.05;0.15~0.35;0.3;;;;3.50%;10.0 GΩ;200%;IEC-60384;Reflow;No;1 KHz, 1 Vrms;Paper/PE Tape Reel 7 inch;10,000;0.00140 g;Ni-Sn;https://www.yageo.com/en/Chart/Download/pdf/CC0402KRX5R9BB471;https://www.yageo.com/upload/media/product/productsearch/datasheet/mlcc/UPY-GPHC_X5R_4V-to-50V_30.pdf;;
CC0402KRX5R9BB473;0402_105_055_055_035_035.STEP;;General Purpose;CC X5R;General purpose X5R;0402 (1005);X5R;-55 to +85°C;50.0;47 nF;±10%;1.00 ±0.05;0.50 ±0.05;0.50 ±0.05;0.15~0.35;0.3;;;;5.00%;10.0 GΩ;200%;IEC-60384;Reflow;No;1 KHz, 1 Vrms;Paper/PE Tape Reel 7 inch;10,000;0.00140 g;Ni-Sn;https://www.yageo.com/en/Chart/Download/pdf/CC0402KRX5R9BB473;https://www.yageo.com/upload/media/product/productsearch/datasheet/mlcc/UPY-GPHC_X5R_4V-to-50V_30.pdf;;
CC0402KRX5R9BB474;0402_105_055_055_035_035.STEP;;General Purpose;CC X5R;General purpose X5R;0402 (1005);X5R;-55 to +85°C;50.0;470 nF;±10%;1.00 ±0.10;0.50 ±0.10;0.50 ±0.10;0.15~0.35;0.3;;;;10.00%;106 MΩ;100%;IEC-60384;Reflow;No;1 KHz, 1 Vrms;Paper/PE Tape Reel 7 inch;10,000;0.00140 g;Ni-Sn;https://www.yageo.com/en/Chart/Download/pdf/CC0402KRX5R9BB474;https://www.yageo.com/upload/media/product/productsearch/datasheet/mlcc/UPY-GPHC_X5R_4V-to-50V_30.pdf;;
CC0402KRX5R9BB681;0402_105_055_055_035_035.STEP;;General Purpose;CC X5R;General purpose X5R;0402 (1005);X5R;-55 to +85°C;50.0;680 pF;±10%;1.00 ±0.05;0.50 ±0.05;0.50 ±0.05;0.15~0.35;0.3;;;;3.50%;10.0 GΩ;200%;IEC-60384;Reflow;No;1 KHz, 1 Vrms;Paper/PE Tape Reel 7 inch;10,000;0.00140 g;Ni-Sn;https://www.yageo.com/en/Chart/Download/pdf/CC0402KRX5R9BB681;https://www.yageo.com/upload/media/product/productsearch/datasheet/mlcc/UPY-GPHC_X5R_4V-to-50V_30.pdf;;
CC0402KRX5R9BB683;0402_105_055_055_035_035.STEP;;General Purpose;CC X5R;General purpose X5R;0402 (1005);X5R;-55 to +85°C;50.0;68 nF;±10%;1.00 ±0.05;0.50 ±0.05;0.50 ±0.05;0.15~0.35;0.3;;;;5.00%;7.35 GΩ;200%;IEC-60384;Reflow;No;1 KHz, 1 Vrms;Paper/PE Tape Reel 7 inch;10,000;0.00140 g;Ni-Sn;https://www.yageo.com/en/Chart/Download/pdf/CC0402KRX5R9BB683;https://www.yageo.com/upload/media/product/productsearch/datasheet/mlcc/UPY-GPHC_X5R_4V-to-50V_30.pdf;;
CC0402MPX5R4BB106;0402_105_055_055_035_035.STEP;;General Purpose;CC X5R;General purpose X5R;0402 (1005);X5R;-55 to +85°C;4.0;10 uF;±20%;1.00 ±0.20;0.50 ±0.20;0.50 ±0.20;0.15~0.35;0.3;;;;10.00%;5 MΩ;100%;IEC-60384;Reflow;No;1kHz, 0.5 Vrms;Paper/PE Tape Reel 13 inch;40,000;0.00140 g;Ni-Sn;https://www.yageo.com/en/Chart/Download/pdf/CC0402MPX5R4BB106;https://www.yageo.com/upload/media/product/productsearch/datasheet/mlcc/UPY-GPHC_X5R_4V-to-50V_30.pdf;;
CC0402MPX5R5BB105;0402_105_055_055_035_035.STEP;;General Purpose;CC X5R;General purpose X5R;0402 (1005);X5R;-55 to +85°C;6.3;1 uF;±20%;1.00 ±0.05;0.50 ±0.05;0.50 ±0.05;0.15~0.35;0.3;;;;10.00%;100 MΩ;150%;IEC-60384;Reflow;No;1 KHz, 1 Vrms;Paper/PE Tape Reel 13 inch;50,000;0.00140 g;Ni-Sn;https://www.yageo.com/en/Chart/Download/pdf/CC0402MPX5R5BB105;https://www.yageo.com/upload/media/product/productsearch/datasheet/mlcc/UPY-GPHC_X5R_4V-to-50V_30.pdf;;
CC0402MPX5R5BB106;0402_120_070_070_035_050.STEP;;General Purpose;CC X5R;General purpose X5R;0402 (1005);X5R;-55 to +85°C;6.3;10 uF;±20%;1.00 ±0.20;0.50 ±0.20;0.50 ±0.20;0.15~0.35;0.3;;;;10.00%;5 MΩ;100%;IEC-60384;Reflow;No;1kHz, 0.5 Vrms;Paper/PE Tape Reel 13 inch;40,000;0.00140 g;Ni-Sn;https://www.yageo.com/en/Chart/Download/pdf/CC0402MPX5R5BB106;https://www.yageo.com/upload/media/product/productsearch/datasheet/mlcc/UPY-GPHC_X5R_4V-to-50V_30.pdf;;
CC0402MPX5R5BB225;0402_105_055_055_035_035.STEP;;General Purpose;CC X5R;General purpose X5R;0402 (1005);X5R;-55 to +85°C;6.3;2.2 uF;±20%;1.00 ±0.05;0.50 ±0.05;0.50 ±0.05;0.15~0.35;0.3;;;;10.00%;45.5 MΩ;150%;IEC-60384;Reflow;No;1kHz, 0.5 Vrms;Paper/PE Tape Reel 13 inch;50,000;0.00140 g;Ni-Sn;https://www.yageo.com/en/Chart/Download/pdf/CC0402MPX5R5BB225;https://www.yageo.com/upload/media/product/productsearch/datasheet/mlcc/UPY-GPHC_X5R_4V-to-50V_30.pdf;;
CC0402MPX5R5BB226;0402_120_070_070_035_050.STEP;;General Purpose;CC X5R;General purpose X5R;0402 (1005);X5R;-55 to +85°C;6.3;22 uF;±20%;1.00 ±0.20;0.50 ±0.20;0.50 ±0.20;0.15~0.35;0.3;;;;20.00%;0.9 MΩ;100%;IEC-60384;Reflow;No;0.5 Vrms, 120 Hz;Paper/PE Tape Reel 13 inch;40,000;0.00140 g;Ni-Sn;https://www.yageo.com/en/Chart/Download/pdf/CC0402MPX5R5BB226;https://www.yageo.com/upload/media/product/productsearch/datasheet/mlcc/UPY-GPHC_X5R_4V-to-50V_30.pdf;;
CC0402MPX5R5BB475;0402_115_065_065_035_045.STEP;;General Purpose;CC X5R;General purpose X5R;0402 (1005);X5R;-55 to +85°C;6.3;4.7 uF;±20%;1.00 ±0.15;0.50 ±0.15;0.50 ±0.15;0.15~0.35;0.3;;;;10.00%;21.2 MΩ;100%;IEC-60384;Reflow;No;1kHz, 0.5 Vrms;Paper/PE Tape Reel 13 inch;40,000;0.00140 g;Ni-Sn;https://www.yageo.com/en/Chart/Download/pdf/CC0402MPX5R5BB475;https://www.yageo.com/upload/media/product/productsearch/datasheet/mlcc/UPY-GPHC_X5R_4V-to-50V_30.pdf;;
CC0402MPX5R6BB104;0402_105_055_055_035_035.STEP;;General Purpose;CC X5R;General purpose X5R;0402 (1005);X5R;-55 to +85°C;10.0;100 nF;±20%;1.00 ±0.05;0.50 ±0.05;0.50 ±0.05;0.15~0.35;0.3;;;;5.00%;5.0 GΩ;200%;IEC-60384;Reflow;No;1 KHz, 1 Vrms;Paper/PE Tape Reel 13 inch;50,000;0.00140 g;Ni-Sn;https://www.yageo.com/en/Chart/Download/pdf/CC0402MPX5R6BB104;https://www.yageo.com/upload/media/product/productsearch/datasheet/mlcc/UPY-GPHC_X5R_4V-to-50V_30.pdf;;
CC0402MPX5R6BB225;0402_105_055_055_035_035.STEP;;General Purpose;CC X5R;General purpose X5R;0402 (1005);X5R;-55 to +85°C;10.0;2.2 uF;±20%;1.00 ±0.05;0.50 ±0.05;0.50 ±0.05;0.15~0.35;0.3;;;;10.00%;45.5 MΩ;150%;IEC-60384;Reflow;No;1 KHz, 1 Vrms;Paper/PE Tape Reel 13 inch;50,000;0.00140 g;Ni-Sn;https://www.yageo.com/en/Chart/Download/pdf/CC0402MPX5R6BB225;https://www.yageo.com/upload/media/product/productsearch/datasheet/mlcc/UPY-GPHC_X5R_4V-to-50V_30.pdf;;
CC0402MPX5R6BB475;0402_115_065_065_035_045.STEP;;General Purpose;CC X5R;General purpose X5R;0402 (1005);X5R;-55 to +85°C;10.0;4.7 uF;±20%;1.00 ±0.15;0.50 ±0.15;0.50 ±0.15;0.15~0.35;0.3;;;;10.00%;106.4 MΩ;100%;IEC-60384;Reflow;No;1 KHz, 1 Vrms;Paper/PE Tape Reel 13 inch;0;0.00140 g;Ni-Sn;https://www.yageo.com/en/Chart/Download/pdf/CC0402MPX5R6BB475;https://www.yageo.com/upload/media/product/productsearch/datasheet/mlcc/UPY-GPHC_X5R_4V-to-50V_30.pdf;;
CC0402MPX5R7BB475;0402_115_065_065_035_045.STEP;;General Purpose;CC X5R;General purpose X5R;0402 (1005);X5R;-55 to +85°C;16.0;4.7 uF;±20%;1.00 ±0.15;0.50 ±0.15;0.50 ±0.15;0.15~0.35;0.3;;;;10.00%;10 MΩ;100%;IEC-60384;Reflow;No;1 KHz, 1 Vrms;Paper/PE Tape Reel 13 inch;50,000;0.00140 g;Ni-Sn;https://www.yageo.com/en/Chart/Download/pdf/CC0402MPX5R7BB475;https://www.yageo.com/upload/media/product/productsearch/datasheet/mlcc/UPY-GPHC_X5R_4V-to-50V_30.pdf;;
CC0402MRX5R4BB106;0402_120_070_070_035_050.STEP;;General Purpose;CC X5R;General purpose X5R;0402 (1005);X5R;-55 to +85°C;4.0;10 uF;±20%;1.00 ±0.20;0.50 ±0.20;0.50 ±0.20;0.15~0.35;0.3;;;;10.00%;5 MΩ;100%;IEC-60384;Reflow;No;1kHz, 0.5 Vrms;Paper/PE Tape Reel 7 inch;10,000;0.00140 g;Ni-Sn;https://www.yageo.com/en/Chart/Download/pdf/CC0402MRX5R4BB106;https://www.yageo.com/upload/media/product/productsearch/datasheet/mlcc/UPY-GPHC_X5R_4V-to-50V_30.pdf;;
CC0402MRX5R4BB224;0402_105_055_055_035_035.STEP;;General Purpose;CC X5R;General purpose X5R;0402 (1005);X5R;-55 to +85°C;4.0;220 nF;±20%;1.00 ±0.05;0.50 ±0.05;0.50 ±0.05;0.15~0.35;0.3;;;;10.00%;2.27 GΩ;200%;IEC-60384;Reflow;No;1 KHz, 1 Vrms;Paper/PE Tape Reel 7 inch;10,000;0.00140 g;Ni-Sn;https://www.yageo.com/en/Chart/Download/pdf/CC0402MRX5R4BB224;https://www.yageo.com/upload/media/product/productsearch/datasheet/mlcc/UPY-GPHC_X5R_4V-to-50V_30.pdf;;
CC0402MRX5R4BB225;0402_105_055_055_035_035.STEP;;General Purpose;CC X5R;General purpose X5R;0402 (1005);X5R;-55 to +85°C;4.0;2.2 uF;±20%;1.00 ±0.05;0.50 ±0.05;0.50 ±0.05;0.15~0.35;0.3;;;;10.00%;45.5 MΩ;150%;IEC-60384;Reflow;No;1kHz, 0.5 Vrms;Paper/PE Tape Reel 7 inch;10,000;0.00140 g;Ni-Sn;https://www.yageo.com/en/Chart/Download/pdf/CC0402MRX5R4BB225;https://www.yageo.com/upload/media/product/productsearch/datasheet/mlcc/UPY-GPHC_X5R_4V-to-50V_30.pdf;;
CC0402MRX5R4BB226;0402_105_055_055_035_035.STEP;;General Purpose;CC X5R;General purpose X5R;0402 (1005);X5R;-55 to +85°C;4.0;22 uF;±20%;1.00 ±0.05;0.50 ±0.05;0.50 ±0.05;0.15~0.35;0.3;;;;20.00%;0.9 MΩ;100%;IEC-60384;Reflow;No;0.5 Vrms, 120 Hz;Paper/PE Tape Reel 7 inch;10,000;0.00140 g;Ni-Sn;https://www.yageo.com/en/Chart/Download/pdf/CC0402MRX5R4BB226;https://www.yageo.com/upload/media/product/productsearch/datasheet/mlcc/UPY-GPHC_X5R_4V-to-50V_30.pdf;;
CC0402MRX5R4BB475;0402_105_055_055_035_035.STEP;;General Purpose;CC X5R;General purpose X5R;0402 (1005);X5R;-55 to +85°C;4.0;4.7 uF;±20%;1.00 ±0.15;0.50 ±0.15;0.50 ±0.15;0.15~0.35;0.3;;;;10.00%;21.2 MΩ;100%;IEC-60384;Reflow;No;1kHz, 0.5 Vrms;Paper/PE Tape Reel 7 inch;10,000;0.00140 g;Ni-Sn;https://www.yageo.com/en/Chart/Download/pdf/CC0402MRX5R4BB475;https://www.yageo.com/upload/media/product/productsearch/datasheet/mlcc/UPY-GPHC_X5R_4V-to-50V_30.pdf;;
CC0402MRX5R5BB104;0402_105_055_055_035_035.STEP;;General Purpose;CC X5R;General purpose X5R;0402 (1005);X5R;-55 to +85°C;6.3;100 nF;±20%;1.00 ±0.05;0.50 ±0.05;0.50 ±0.05;0.15~0.35;0.3;;;;5.00%;5.0 GΩ;200%;IEC-60384;Reflow;No;1 KHz, 1 Vrms;Paper/PE Tape Reel 7 inch;10,000;0.00140 g;Ni-Sn;https://www.yageo.com/en/Chart/Download/pdf/CC0402MRX5R5BB104;https://www.yageo.com/upload/media/product/productsearch/datasheet/mlcc/UPY-GPHC_X5R_4V-to-50V_30.pdf;;
CC0402MRX5R5BB105;0402_105_055_055_035_035.STEP;;General Purpose;CC X5R;General purpose X5R;0402 (1005);X5R;-55 to +85°C;6.3;1 uF;±20%;1.00 ±0.05;0.50 ±0.05;0.50 ±0.05;0.15~0.35;0.3;;;;10.00%;100 MΩ;150%;IEC-60384;Reflow;No;1 KHz, 1 Vrms;Paper/PE Tape Reel 7 inch;10,000;0.00140 g;Ni-Sn;https://www.yageo.com/en/Chart/Download/pdf/CC0402MRX5R5BB105;https://www.yageo.com/upload/media/product/productsearch/datasheet/mlcc/UPY-GPHC_X5R_4V-to-50V_30.pdf;;
CC0402MRX5R5BB106;0402_120_070_070_035_050.STEP;;General Purpose;CC X5R;General purpose X5R;0402 (1005);X5R;-55 to +85°C;6.3;10 uF;±20%;1.00 ±0.20;0.50 ±0.20;0.50 ±0.20;0.15~0.35;0.3;;;;10.00%;5 MΩ;100%;IEC-60384;Reflow;No;1kHz, 0.5 Vrms;Paper/PE Tape Reel 7 inch;10,000;0.00140 g;Ni-Sn;https://www.yageo.com/en/Chart/Download/pdf/CC0402MRX5R5BB106;https://www.yageo.com/upload/media/product/productsearch/datasheet/mlcc/UPY-GPHC_X5R_4V-to-50V_30.pdf;;
CC0402MRX5R5BB224;0402_105_055_055_035_035.STEP;;General Purpose;CC X5R;General purpose X5R;0402 (1005);X5R;-55 to +85°C;6.3;220 nF;±20%;1.00 ±0.05;0.50 ±0.05;0.50 ±0.05;0.15~0.35;0.3;;;;10.00%;2.27 GΩ;200%;IEC-60384;Reflow;No;1 KHz, 1 Vrms;Paper/PE Tape Reel 7 inch;10,000;0.00140 g;Ni-Sn;https://www.yageo.com/en/Chart/Download/pdf/CC0402MRX5R5BB224;https://www.yageo.com/upload/media/product/productsearch/datasheet/mlcc/UPY-GPHC_X5R_4V-to-50V_30.pdf;;
CC0402MRX5R5BB225;0402_105_055_055_035_035.STEP;;General Purpose;CC X5R;General purpose X5R;0402 (1005);X5R;-55 to +85°C;6.3;2.2 uF;±20%;1.00 ±0.05;0.50 ±0.05;0.50 ±0.05;0.15~0.35;0.3;;;;10.00%;45.5 MΩ;150%;IEC-60384;Reflow;No;1kHz, 0.5 Vrms;Paper/PE Tape Reel 7 inch;10,000;0.00140 g;Ni-Sn;https://www.yageo.com/en/Chart/Download/pdf/CC0402MRX5R5BB225;https://www.yageo.com/upload/media/product/productsearch/datasheet/mlcc/UPY-GPHC_X5R_4V-to-50V_30.pdf;;
CC0402MRX5R5BB226;0402_120_070_070_035_050.STEP;;General Purpose;CC X5R;General purpose X5R;0402 (1005);X5R;-55 to +85°C;6.3;22 uF;±20%;1.00 ±0.20;0.50 ±0.20;0.50 ±0.20;0.15~0.35;0.3;;;;20.00%;0.9 MΩ;100%;IEC-60384;Reflow;No;0.5 Vrms, 120 Hz;Paper/PE Tape Reel 7 inch;10,000;0.00140 g;Ni-Sn;https://www.yageo.com/en/Chart/Download/pdf/CC0402MRX5R5BB226;https://www.yageo.com/upload/media/product/productsearch/datasheet/mlcc/UPY-GPHC_X5R_4V-to-50V_30.pdf;;
CC0402MRX5R5BB474;0402_105_055_055_035_035.STEP;;General Purpose;CC X5R;General purpose X5R;0402 (1005);X5R;-55 to +85°C;6.3;470 nF;±20%;1.00 ±0.05;0.50 ±0.05;0.50 ±0.05;0.15~0.35;0.3;;;;10.00%;1.06 GΩ;200%;IEC-60384;Reflow;No;1 KHz, 1 Vrms;Paper/PE Tape Reel 7 inch;10,000;0.00140 g;Ni-Sn;https://www.yageo.com/en/Chart/Download/pdf/CC0402MRX5R5BB474;https://www.yageo.com/upload/media/product/productsearch/datasheet/mlcc/UPY-GPHC_X5R_4V-to-50V_30.pdf;;
CC0402MRX5R5BB475;0402_115_065_065_035_045.STEP;;General Purpose;CC X5R;General purpose X5R;0402 (1005);X5R;-55 to +85°C;6.3;4.7 uF;±20%;1.00 ±0.15;0.50 ±0.15;0.50 ±0.15;0.15~0.35;0.3;;;;10.00%;21.2 MΩ;100%;IEC-60384;Reflow;No;1kHz, 0.5 Vrms;Paper/PE Tape Reel 7 inch;10,000;0.00140 g;Ni-Sn;https://www.yageo.com/en/Chart/Download/pdf/CC0402MRX5R5BB475;https://www.yageo.com/upload/media/product/productsearch/datasheet/mlcc/UPY-GPHC_X5R_4V-to-50V_30.pdf;;
CC0402MRX5R6BB104;0402_105_055_055_035_035.STEP;;General Purpose;CC X5R;General purpose X5R;0402 (1005);X5R;-55 to +85°C;10.0;100 nF;±20%;1.00 ±0.05;0.50 ±0.05;0.50 ±0.05;0.15~0.35;0.3;;;;5.00%;5.0 GΩ;200%;IEC-60384;Reflow;No;1 KHz, 1 Vrms;Paper/PE Tape Reel 7 inch;10,000;0.00140 g;Ni-Sn;https://www.yageo.com/en/Chart/Download/pdf/CC0402MRX5R6BB104;https://www.yageo.com/upload/media/product/productsearch/datasheet/mlcc/UPY-GPHC_X5R_4V-to-50V_30.pdf;;
CC0402MRX5R6BB105;0402_105_055_055_035_035.STEP;;General Purpose;CC X5R;General purpose X5R;0402 (1005);X5R;-55 to +85°C;10.0;1 uF;±20%;1.00 ±0.05;0.50 ±0.05;0.50 ±0.05;0.15~0.35;0.3;;;;10.00%;100 MΩ;150%;IEC-60384;Reflow;No;1 KHz, 1 Vrms;Paper/PE Tape Reel 7 inch;10,000;0.00140 g;Ni-Sn;https://www.yageo.com/en/Chart/Download/pdf/CC0402MRX5R6BB105;https://www.yageo.com/upload/media/product/productsearch/datasheet/mlcc/UPY-GPHC_X5R_4V-to-50V_30.pdf;;
CC0402MRX5R6BB106;0402_120_070_070_035_050.STEP;;General Purpose;CC X5R;General purpose X5R;0402 (1005);X5R;-55 to +85°C;10.0;10 uF;±20%;1.00 ±0.20;0.50 ±0.20;0.50 ±0.20;0.15~0.35;0.3;;;;10.00%;5 MΩ;100%;IEC-60384;Reflow;No;1 KHz, 1 Vrms;Paper/PE Tape Reel 7 inch;10,000;0.00140 g;Ni-Sn;https://www.yageo.com/en/Chart/Download/pdf/CC0402MRX5R6BB106;https://www.yageo.com/upload/media/product/productsearch/datasheet/mlcc/UPY-GPHC_X5R_4V-to-50V_30.pdf;5C;16,000 V (AD) to < 25,000 V (AD)
CC0402MRX5R6BB224;0402_105_055_055_035_035.STEP;;General Purpose;CC X5R;General purpose X5R;0402 (1005);X5R;-55 to +85°C;10.0;220 nF;±20%;1.00 ±0.05;0.50 ±0.05;0.50 ±0.05;0.15~0.35;0.3;;;;10.00%;2.27 GΩ;200%;IEC-60384;Reflow;No;1 KHz, 1 Vrms;Paper/PE Tape Reel 7 inch;10,000;0.00140 g;Ni-Sn;https://www.yageo.com/en/Chart/Download/pdf/CC0402MRX5R6BB224;https://www.yageo.com/upload/media/product/productsearch/datasheet/mlcc/UPY-GPHC_X5R_4V-to-50V_30.pdf;;
CC0402MRX5R6BB225;0402_105_055_055_035_035.STEP;;General Purpose;CC X5R;General purpose X5R;0402 (1005);X5R;-55 to +85°C;10.0;2.2 uF;±20%;1.00 ±0.05;0.50 ±0.05;0.50 ±0.05;0.15~0.35;0.3;;;;10.00%;45.5 MΩ;150%;IEC-60384;Reflow;No;1 KHz, 1 Vrms;Paper/PE Tape Reel 7 inch;10,000;0.00140 g;Ni-Sn;https://www.yageo.com/en/Chart/Download/pdf/CC0402MRX5R6BB225;https://www.yageo.com/upload/media/product/productsearch/datasheet/mlcc/UPY-GPHC_X5R_4V-to-50V_30.pdf;;
CC0402MRX5R6BB475;0402_115_065_065_035_045.STEP;;General Purpose;CC X5R;General purpose X5R;0402 (1005);X5R;-55 to +85°C;10.0;4.7 uF;±20%;1.00 ±0.15;0.50 ±0.15;0.50 ±0.15;0.15~0.35;0.3;;;;10.00%;21.2 MΩ;100%;IEC-60384;Reflow;No;1 KHz, 1 Vrms;Paper/PE Tape Reel 7 inch;10,000;0.00140 g;Ni-Sn;https://www.yageo.com/en/Chart/Download/pdf/CC0402MRX5R6BB475;https://www.yageo.com/upload/media/product/productsearch/datasheet/mlcc/UPY-GPHC_X5R_4V-to-50V_30.pdf;;
CC0402MRX5R7BB104;0402_105_055_055_035_035.STEP;;General Purpose;CC X5R;General purpose X5R;0402 (1005);X5R;-55 to +85°C;16.0;100 nF;±20%;1.00 ±0.05;0.50 ±0.05;0.50 ±0.05;0.15~0.35;0.3;;;;10.00%;5.0 GΩ;200%;IEC-60384;Reflow;No;1 KHz, 1 Vrms;Paper/PE Tape Reel 7 inch;10,000;0.00140 g;Ni-Sn;https://www.yageo.com/en/Chart/Download/pdf/CC0402MRX5R7BB104;https://www.yageo.com/upload/media/product/productsearch/datasheet/mlcc/UPY-GPHC_X5R_4V-to-50V_30.pdf;;
CC0402MRX5R7BB224;0402_105_055_055_035_035.STEP;;General Purpose;CC X5R;General purpose X5R;0402 (1005);X5R;-55 to +85°C;16.0;220 nF;±20%;1.00 ±0.05;0.50 ±0.05;0.50 ±0.05;0.15~0.35;0.3;;;;10.00%;227 MΩ;200%;IEC-60384;Reflow;No;1 KHz, 1 Vrms;Paper/PE Tape Reel 7 inch;10,000;0.00140 g;Ni-Sn;https://www.yageo.com/en/Chart/Download/pdf/CC0402MRX5R7BB224;https://www.yageo.com/upload/media/product/productsearch/datasheet/mlcc/UPY-GPHC_X5R_4V-to-50V_30.pdf;;
CC0402MRX5R7BB225;0402_105_055_055_035_035.STEP;;General Purpose;CC X5R;General purpose X5R;0402 (1005);X5R;-55 to +85°C;16.0;2.2 uF;±20%;1.00 ±0.20;0.50 ±0.20;0.50 ±0.20;0.15~0.35;0.3;;;;10.00%;22.7 MΩ;150%;IEC-60384;Reflow;No;1 KHz, 1 Vrms;Paper/PE Tape Reel 7 inch;10,000;0.00140 g;Ni-Sn;https://www.yageo.com/en/Chart/Download/pdf/CC0402MRX5R7BB225;https://www.yageo.com/upload/media/product/productsearch/datasheet/mlcc/UPY-GPHC_X5R_4V-to-50V_30.pdf;;
CC0402MRX5R7BB475;0402_105_055_055_035_035.STEP;;General Purpose;CC X5R;General purpose X5R;0402 (1005);X5R;-55 to +85°C;16.0;4.7 uF;±20%;1.00 ±0.15;0.50 ±0.15;0.50 ±0.15;0.15~0.35;0.3;;;;10.00%;10 MΩ;100%;IEC-60384;Reflow;No;1 KHz, 1 Vrms;Paper/PE Tape Reel 7 inch;10,000;0.00140 g;Ni-Sn;https://www.yageo.com/en/Chart/Download/pdf/CC0402MRX5R7BB475;https://www.yageo.com/upload/media/product/productsearch/datasheet/mlcc/UPY-GPHC_X5R_4V-to-50V_30.pdf;;
CC0402MRX5R8BB104;0402_105_055_055_035_035.STEP;;General Purpose;CC X5R;General purpose X5R;0402 (1005);X5R;-55 to +85°C;25.0;100 nF;±20%;1.00 ±0.05;0.50 ±0.05;0.50 ±0.05;0.15~0.35;0.3;;;;5.00%;5.0 GΩ;200%;IEC-60384;Reflow;No;1 KHz, 1 Vrms;Paper/PE Tape Reel 7 inch;10,000;0.00140 g;Ni-Sn;https://www.yageo.com/en/Chart/Download/pdf/CC0402MRX5R8BB104;https://www.yageo.com/upload/media/product/productsearch/datasheet/mlcc/UPY-GPHC_X5R_4V-to-50V_30.pdf;;
CC0402MRX5R8BB105;0402_105_055_055_035_035.STEP;;General Purpose;CC X5R;General purpose X5R;0402 (1005);X5R;-55 to +85°C;25.0;1 uF;±20%;1.00 ±0.05;0.50 ±0.05;0.50 ±0.05;0.15~0.35;0.3;;;;10.00%;50 MΩ;150%;IEC-60384;Reflow;No;1 KHz, 1 Vrms;Paper/PE Tape Reel 7 inch;10,000;0.00140 g;Ni-Sn;https://www.yageo.com/en/Chart/Download/pdf/CC0402MRX5R8BB105;https://www.yageo.com/upload/media/product/productsearch/datasheet/mlcc/UPY-GPHC_X5R_4V-to-50V_30.pdf;;
CC0402MRX5R8BB225;0402_120_070_070_035_050.STEP;;General Purpose;CC X5R;General purpose X5R;0402 (1005);X5R;-55 to +85°C;25.0;2.2 uF;±20%;1.00 ±0.20;0.50 ±0.20;0.50 ±0.20;0.15~0.35;0.3;;;;10.00%;22.7 MΩ;150%;IEC-60384;Reflow;No;1 KHz, 1 Vrms;Paper/PE Tape Reel 7 inch;10,000;0.00140 g;Ni-Sn;https://www.yageo.com/en/Chart/Download/pdf/CC0402MRX5R8BB225;https://www.yageo.com/upload/media/product/productsearch/datasheet/mlcc/UPY-GPHC_X5R_4V-to-50V_30.pdf;;
CC0603KPX5R5BB105;0603_170_090_090_060_050.STEP;;General Purpose;CC X5R;General purpose X5R;0603 (1608);X5R;-55 to +85°C;6.3;1 uF;±10%;1.60 ±0.10;0.80 ±0.10;0.80 ±0.10;0.20~0.60;0.4;;;;5.00%;500 MΩ;200%;IEC-60384;Reflow;No;1 KHz, 1 Vrms;Paper/PE Tape Reel 13 inch;15,000;0.00560 g;Ni-Sn;https://www.yageo.com/en/Chart/Download/pdf/CC0603KPX5R5BB105;https://www.yageo.com/upload/media/product/productsearch/datasheet/mlcc/UPY-GPHC_X5R_4V-to-50V_30.pdf;;
CC0603KPX5R5BB106;0603_175_095_095_060_055.STEP;;General Purpose;CC X5R;General purpose X5R;0603 (1608);X5R;-55 to +85°C;6.3;10 uF;±10%;1.60 ±0.15;0.80 ±0.15;0.80 ±0.15;0.20~0.60;0.4;;;;10.00%;50.0 MΩ;150%;IEC-60384;Reflow;No;1kHz, 0.5 Vrms;Paper/PE Tape Reel 13 inch;15,000;0.00570 g;Ni-Sn;https://www.yageo.com/en/Chart/Download/pdf/CC0603KPX5R5BB106;https://www.yageo.com/upload/media/product/productsearch/datasheet/mlcc/UPY-GPHC_X5R_4V-to-50V_30.pdf;;
CC0603KPX5R5BB225;0603_170_090_090_060_050.STEP;;General Purpose;CC X5R;General purpose X5R;0603 (1608);X5R;-55 to +85°C;6.3;2.2 uF;±10%;1.60 ±0.10;0.80 ±0.10;0.80 ±0.10;0.20~0.60;0.4;;;;10.00%;45.5 MΩ;150%;IEC-60384;Reflow;No;1kHz, 0.5 Vrms;Paper/PE Tape Reel 13 inch;15,000;0.00560 g;Ni-Sn;https://www.yageo.com/en/Chart/Download/pdf/CC0603KPX5R5BB225;https://www.yageo.com/upload/media/product/productsearch/datasheet/mlcc/UPY-GPHC_X5R_4V-to-50V_30.pdf;;
CC0603KPX5R5BB475;0603_170_090_090_060_050.STEP;;General Purpose;CC X5R;General purpose X5R;0603 (1608);X5R;-55 to +85°C;6.3;4.7 uF;±10%;1.60 ±0.10;0.80 ±0.10;0.80 ±0.10;0.20~0.60;0.4;;;;10.00%;21.2 MΩ;150%;IEC-60384;Reflow;No;1kHz, 0.5 Vrms;Paper/PE Tape Reel 13 inch;15,000;0.00560 g;Ni-Sn;https://www.yageo.com/en/Chart/Download/pdf/CC0603KPX5R5BB475;https://www.yageo.com/upload/media/product/productsearch/datasheet/mlcc/UPY-GPHC_X5R_4V-to-50V_30.pdf;;
CC0603KPX5R6BB105;0603_170_090_090_060_050.STEP;;General Purpose;CC X5R;General purpose X5R;0603 (1608);X5R;-55 to +85°C;10.0;1 uF;±10%;1.60 ±0.10;0.80 ±0.10;0.80 ±0.10;0.20~0.60;0.4;;;;10.00%;500 MΩ;200%;IEC-60384;Reflow;No;1 KHz, 1 Vrms;Paper/PE Tape Reel 13 inch;15,000;0.00560 g;Ni-Sn;https://www.yageo.com/en/Chart/Download/pdf/CC0603KPX5R6BB105;https://www.yageo.com/upload/media/product/productsearch/datasheet/mlcc/UPY-GPHC_X5R_4V-to-50V_30.pdf;;
CC0603KPX5R6BB106;0603_170_090_090_060_050.STEP;;General Purpose;CC X5R;General purpose X5R;0603 (1608);X5R;-55 to +85°C;10.0;10 uF;±10%;1.60 ±0.10;0.80 ±0.10;0.80 ±0.10;0.20~0.60;0.4;;;;10.00%;5 MΩ;100%;IEC-60384;Reflow;No;1 KHz, 1 Vrms;Paper/PE Tape Reel 13 inch;15,000;0.00560 g;Ni-Sn;https://www.yageo.com/en/Chart/Download/pdf/CC0603KPX5R6BB106;https://www.yageo.com/upload/media/product/productsearch/datasheet/mlcc/UPY-GPHC_X5R_4V-to-50V_30.pdf;;
CC0603KPX5R6BB225;0603_170_090_090_060_050.STEP;;General Purpose;CC X5R;General purpose X5R;0603 (1608);X5R;-55 to +85°C;10.0;2.2 uF;±10%;1.60 ±0.10;0.80 ±0.10;0.80 ±0.10;0.20~0.60;0.4;;;;10.00%;45.5 MΩ;150%;IEC-60384;Reflow;No;1 KHz, 1 Vrms;Paper/PE Tape Reel 13 inch;15,000;0.00560 g;Ni-Sn;https://www.yageo.com/en/Chart/Download/pdf/CC0603KPX5R6BB225;https://www.yageo.com/upload/media/product/productsearch/datasheet/mlcc/UPY-GPHC_X5R_4V-to-50V_30.pdf;;
CC0603KPX5R6BB475;0603_170_090_090_060_050.STEP;;General Purpose;CC X5R;General purpose X5R;0603 (1608);X5R;-55 to +85°C;10.0;4.7 uF;±10%;1.60 ±0.10;0.80 ±0.10;0.80 ±0.10;0.20~0.60;0.4;;;;10.00%;21.2 MΩ;150%;IEC-60384;Reflow;No;1 KHz, 1 Vrms;Paper/PE Tape Reel 13 inch;15,000;0.00560 g;Ni-Sn;https://www.yageo.com/en/Chart/Download/pdf/CC0603KPX5R6BB475;https://www.yageo.com/upload/media/product/productsearch/datasheet/mlcc/UPY-GPHC_X5R_4V-to-50V_30.pdf;;
CC0603KPX5R7BB105;0603_170_090_090_060_050.STEP;;General Purpose;CC X5R;General purpose X5R;0603 (1608);X5R;-55 to +85°C;16.0;1 uF;±10%;1.60 ±0.10;0.80 ±0.10;0.80 ±0.10;0.20~0.60;0.4;;;;7.00%;500 MΩ;200%;IEC-60384;Reflow;No;1 KHz, 1 Vrms;Paper/PE Tape Reel 13 inch;15,000;0.00560 g;Ni-Sn;https://www.yageo.com/en/Chart/Download/pdf/CC0603KPX5R7BB105;https://www.yageo.com/upload/media/product/productsearch/datasheet/mlcc/UPY-GPHC_X5R_4V-to-50V_30.pdf;;
CC0603KPX5R7BB225;0603_170_090_090_060_050.STEP;;General Purpose;CC X5R;General purpose X5R;0603 (1608);X5R;-55 to +85°C;16.0;2.2 uF;±10%;1.60 ±0.10;0.80 ±0.10;0.80 ±0.10;0.20~0.60;0.4;;;;10.00%;45.5 MΩ;150%;IEC-60384;Reflow;No;1 KHz, 1 Vrms;Paper/PE Tape Reel 13 inch;15,000;0.00560 g;Ni-Sn;https://www.yageo.com/en/Chart/Download/pdf/CC0603KPX5R7BB225;https://www.yageo.com/upload/media/product/productsearch/datasheet/mlcc/UPY-GPHC_X5R_4V-to-50V_30.pdf;;
CC0603KPX5R7BB474;0603_170_090_090_060_050.STEP;;General Purpose;CC X5R;General purpose X5R;0603 (1608);X5R;-55 to +85°C;16.0;470 nF;±10%;1.60 ±0.10;0.80 ±0.10;0.80 ±0.10;0.20~0.60;0.4;;;;5.00%;1.06 GΩ;200%;IEC-60384;Reflow/Wave;No;1 KHz, 1 Vrms;Paper/PE Tape Reel 13 inch;15,000;0.00560 g;Ni-Sn;https://www.yageo.com/en/Chart/Download/pdf/CC0603KPX5R7BB474;https://www.yageo.com/upload/media/product/productsearch/datasheet/mlcc/UPY-GPHC_X5R_4V-to-50V_30.pdf;;
CC0603KPX5R8BB105;0603_170_090_090_060_050.STEP;;General Purpose;CC X5R;General purpose X5R;0603 (1608);X5R;-55 to +85°C;25.0;1 uF;±10%;1.60 ±0.10;0.80 ±0.10;0.80 ±0.10;0.20~0.60;0.4;;;;7.00%;500 MΩ;200%;IEC-60384;Reflow;No;1 KHz, 1 Vrms;Paper/PE Tape Reel 13 inch;15,000;0.00560 g;Ni-Sn;https://www.yageo.com/en/Chart/Download/pdf/CC0603KPX5R8BB105;https://www.yageo.com/upload/media/product/productsearch/datasheet/mlcc/UPY-GPHC_X5R_4V-to-50V_30.pdf;;
CC0603KPX5R8BB334;0603_170_090_090_060_050.STEP;;General Purpose;CC X5R;General purpose X5R;0603 (1608);X5R;-55 to +85°C;25.0;330 nF;±10%;1.60 ±0.10;0.80 ±0.10;0.80 ±0.10;0.20~0.60;0.4;;;;5.00%;1.5 GΩ;200%;IEC-60384;Reflow/Wave;No;1 KHz, 1 Vrms;Paper/PE Tape Reel 13 inch;15,000;0.00560 g;Ni-Sn;https://www.yageo.com/en/Chart/Download/pdf/CC0603KPX5R8BB334;https://www.yageo.com/upload/media/product/productsearch/datasheet/mlcc/UPY-GPHC_X5R_4V-to-50V_30.pdf;;
CC0603KPX5R8BB474;0603_170_090_090_060_050.STEP;;General Purpose;CC X5R;General purpose X5R;0603 (1608);X5R;-55 to +85°C;25.0;470 nF;±10%;1.60 ±0.10;0.80 ±0.10;0.80 ±0.10;0.20~0.60;0.4;;;;5.00%;1.06 GΩ;200%;IEC-60384;Reflow/Wave;No;1 KHz, 1 Vrms;Paper/PE Tape Reel 13 inch;15,000;0.00560 g;Ni-Sn;https://www.yageo.com/en/Chart/Download/pdf/CC0603KPX5R8BB474;https://www.yageo.com/upload/media/product/productsearch/datasheet/mlcc/UPY-GPHC_X5R_4V-to-50V_30.pdf;;
CC0603KPX5R9BB104;0603_170_090_090_060_050.STEP;;General Purpose;CC X5R;General purpose X5R;0603 (1608);X5R;-55 to +85°C;50.0;100 nF;±10%;1.60 ±0.10;0.80 ±0.10;0.80 ±0.10;0.20~0.60;0.4;;;;3.50%;5.0 GΩ;200%;IEC-60384;Reflow/Wave;No;1 KHz, 1 Vrms;Paper/PE Tape Reel 13 inch;15,000;0.00560 g;Ni-Sn;https://www.yageo.com/en/Chart/Download/pdf/CC0603KPX5R9BB104;https://www.yageo.com/upload/media/product/productsearch/datasheet/mlcc/UPY-GPHC_X5R_4V-to-50V_30.pdf;;
CC0603KPX5R9BB105;0603_170_090_090_060_050.STEP;;General Purpose;CC X5R;General purpose X5R;0603 (1608);X5R;-55 to +85°C;50.0;1 uF;±10%;1.60 ±0.10;0.80 ±0.10;0.80 ±0.10;0.20~0.60;0.4;;;;10.00%;100 MΩ;150%;IEC-60384;Reflow;No;1 KHz, 1 Vrms;Paper/PE Tape Reel 13 inch;15,000;0.00560 g;Ni-Sn;https://www.yageo.com/en/Chart/Download/pdf/CC0603KPX5R9BB105;https://www.yageo.com/upload/media/product/productsearch/datasheet/mlcc/UPY-GPHC_X5R_4V-to-50V_30.pdf;;
CC0603KPX5R9BB224;0603_170_090_090_060_050.STEP;;General Purpose;CC X5R;General purpose X5R;0603 (1608);X5R;-55 to +85°C;50.0;220 nF;±10%;1.60 ±0.10;0.80 ±0.10;0.80 ±0.10;0.20~0.60;0.4;;;;10.00%;227 MΩ;200%;IEC-60384;Reflow/Wave;No;1 KHz, 1 Vrms;Paper/PE Tape Reel 13 inch;15,000;0.00560 g;Ni-Sn;https://www.yageo.com/en/Chart/Download/pdf/CC0603KPX5R9BB224;https://www.yageo.com/upload/media/product/productsearch/datasheet/mlcc/UPY-GPHC_X5R_4V-to-50V_30.pdf;;
CC0603KPX5R9BB474;0603_170_090_090_060_050.STEP;;General Purpose;CC X5R;General purpose X5R;0603 (1608);X5R;-55 to +85°C;50.0;470 nF;±10%;1.60 ±0.10;0.80 ±0.10;0.80 ±0.10;0.20~0.60;0.4;;;;10.00%;212 MΩ;200%;IEC-60384;Reflow/Wave;No;1 KHz, 1 Vrms;Paper/PE Tape Reel 13 inch;15,000;0.00560 g;Ni-Sn;https://www.yageo.com/en/Chart/Download/pdf/CC0603KPX5R9BB474;https://www.yageo.com/upload/media/product/productsearch/datasheet/mlcc/UPY-GPHC_X5R_4V-to-50V_30.pdf;;
CC0603KRX5R5BB105;0603_170_090_090_060_050.STEP;;General Purpose;CC X5R;General purpose X5R;0603 (1608);X5R;-55 to +85°C;6.3;1 uF;±10%;1.60 ±0.10;0.80 ±0.10;0.80 ±0.10;0.20~0.60;0.4;;;;5.00%;500 MΩ;200%;IEC-60384;Reflow;No;1 KHz, 1 Vrms;Paper/PE Tape Reel 7 inch;4,000;0.00560 g;Ni-Sn;https://www.yageo.com/en/Chart/Download/pdf/CC0603KRX5R5BB105;https://www.yageo.com/upload/media/product/productsearch/datasheet/mlcc/UPY-GPHC_X5R_4V-to-50V_30.pdf;;
CC0603KRX5R5BB106;0603_175_095_095_060_055.STEP;;General Purpose;CC X5R;General purpose X5R;0603 (1608);X5R;-55 to +85°C;6.3;10 uF;±10%;1.60 ±0.15;0.80 ±0.15;0.80 ±0.15;0.20~0.60;0.4;;;;10.00%;5 MΩ;150%;IEC-60384;Reflow;No;1kHz, 0.5 Vrms;Paper/PE Tape Reel 7 inch;4,000;0.00570 g;Ni-Sn;https://www.yageo.com/en/Chart/Download/pdf/CC0603KRX5R5BB106;https://www.yageo.com/upload/media/product/productsearch/datasheet/mlcc/UPY-GPHC_X5R_4V-to-50V_30.pdf;;
CC0603KRX5R5BB154;0603_170_090_090_060_050.STEP;;General Purpose;CC X5R;General purpose X5R;0603 (1608);X5R;-55 to +85°C;6.3;150 nF;±10%;1.60 ±0.10;0.80 ±0.10;0.80 ±0.10;0.20~0.60;0.4;;;;5.00%;3.33 GΩ;200%;IEC-60384;Reflow/Wave;No;1 KHz, 1 Vrms;Paper/PE Tape Reel 7 inch;4,000;0.00560 g;Ni-Sn;https://www.yageo.com/en/Chart/Download/pdf/CC0603KRX5R5BB154;https://www.yageo.com/upload/media/product/productsearch/datasheet/mlcc/UPY-GPHC_X5R_4V-to-50V_30.pdf;;
CC0603KRX5R5BB224;0603_170_090_090_060_050.STEP;;General Purpose;CC X5R;General purpose X5R;0603 (1608);X5R;-55 to +85°C;6.3;220 nF;±10%;1.60 ±0.10;0.80 ±0.10;0.80 ±0.10;0.20~0.60;0.4;;;;5.00%;2.27 GΩ;200%;IEC-60384;Reflow/Wave;No;1 KHz, 1 Vrms;Paper/PE Tape Reel 7 inch;4,000;0.00560 g;Ni-Sn;https://www.yageo.com/en/Chart/Download/pdf/CC0603KRX5R5BB224;https://www.yageo.com/upload/media/product/productsearch/datasheet/mlcc/UPY-GPHC_X5R_4V-to-50V_30.pdf;;
CC0603KRX5R5BB225;0603_170_090_090_060_050.STEP;;General Purpose;CC X5R;General purpose X5R;0603 (1608);X5R;-55 to +85°C;6.3;2.2 uF;±10%;1.60 ±0.10;0.80 ±0.10;0.80 ±0.10;0.20~0.60;0.4;;;;10.00%;45.5 MΩ;150%;IEC-60384;Reflow;No;1kHz, 0.5 Vrms;Paper/PE Tape Reel 7 inch;4,000;0.00560 g;Ni-Sn;https://www.yageo.com/en/Chart/Download/pdf/CC0603KRX5R5BB225;https://www.yageo.com/upload/media/product/productsearch/datasheet/mlcc/UPY-GPHC_X5R_4V-to-50V_30.pdf;;
CC0603KRX5R5BB334;0603_170_090_090_060_050.STEP;;General Purpose;CC X5R;General purpose X5R;0603 (1608);X5R;-55 to +85°C;6.3;330 nF;±10%;1.60 ±0.10;0.80 ±0.10;0.80 ±0.10;0.20~0.60;0.4;;;;5.00%;1.5 GΩ;200%;IEC-60384;Reflow/Wave;No;1 KHz, 1 Vrms;Paper/PE Tape Reel 7 inch;4,000;0.00560 g;Ni-Sn;https://www.yageo.com/en/Chart/Download/pdf/CC0603KRX5R5BB334;https://www.yageo.com/upload/media/product/productsearch/datasheet/mlcc/UPY-GPHC_X5R_4V-to-50V_30.pdf;;
CC0603KRX5R5BB474;0603_170_090_090_060_050.STEP;;General Purpose;CC X5R;General purpose X5R;0603 (1608);X5R;-55 to +85°C;6.3;470 nF;±10%;1.60 ±0.10;0.80 ±0.10;0.80 ±0.10;0.20~0.60;0.4;;;;5.00%;1.06 GΩ;200%;IEC-60384;Reflow/Wave;No;1 KHz, 1 Vrms;Paper/PE Tape Reel 7 inch;4,000;0.00560 g;Ni-Sn;https://www.yageo.com/en/Chart/Download/pdf/CC0603KRX5R5BB474;https://www.yageo.com/upload/media/product/productsearch/datasheet/mlcc/UPY-GPHC_X5R_4V-to-50V_30.pdf;;
CC0603KRX5R5BB475;0603_170_090_090_060_050.STEP;;General Purpose;CC X5R;General purpose X5R;0603 (1608);X5R;-55 to +85°C;6.3;4.7 uF;±10%;1.60 ±0.10;0.80 ±0.10;0.80 ±0.10;0.20~0.60;0.4;;;;10.00%;21.2 MΩ;150%;IEC-60384;Reflow;No;1kHz, 0.5 Vrms;Paper/PE Tape Reel 7 inch;4,000;0.00560 g;Ni-Sn;https://www.yageo.com/en/Chart/Download/pdf/CC0603KRX5R5BB475;https://www.yageo.com/upload/media/product/productsearch/datasheet/mlcc/UPY-GPHC_X5R_4V-to-50V_30.pdf;;
CC0603KRX5R5BB684;0603_170_090_090_060_050.STEP;;General Purpose;CC X5R;General purpose X5R;0603 (1608);X5R;-55 to +85°C;6.3;680 nF;±10%;1.60 ±0.10;0.80 ±0.10;0.80 ±0.10;0.20~0.60;0.4;;;;5.00%;735 MΩ;200%;IEC-60384;Reflow/Wave;No;1 KHz, 1 Vrms;Paper/PE Tape Reel 7 inch;4,000;0.00560 g;Ni-Sn;https://www.yageo.com/en/Chart/Download/pdf/CC0603KRX5R5BB684;https://www.yageo.com/upload/media/product/productsearch/datasheet/mlcc/UPY-GPHC_X5R_4V-to-50V_30.pdf;;
CC0603KRX5R6BB105;0603_170_090_090_060_050.STEP;;General Purpose;CC X5R;General purpose X5R;0603 (1608);X5R;-55 to +85°C;10.0;1 uF;±10%;1.60 ±0.10;0.80 ±0.10;0.80 ±0.10;0.20~0.60;0.4;;;;10.00%;500 MΩ;200%;IEC-60384;Reflow;No;1 KHz, 1 Vrms;Paper/PE Tape Reel 7 inch;4,000;0.00560 g;Ni-Sn;https://www.yageo.com/en/Chart/Download/pdf/CC0603KRX5R6BB105;https://www.yageo.com/upload/media/product/productsearch/datasheet/mlcc/UPY-GPHC_X5R_4V-to-50V_30.pdf;;
CC0603KRX5R6BB106;0603_180_100_100_060_060.STEP;;General Purpose;CC X5R;General purpose X5R;0603 (1608);X5R;-55 to +85°C;10.0;10 uF;±10%;1.60 ±0.20;0.80 ±0.20;0.80 ±0.20;0.20~0.60;0.4;;;;10.00%;5 MΩ;100%;IEC-60384;Reflow;No;1 KHz, 1 Vrms;Paper/PE Tape Reel 7 inch;4,000;0.00580 g;Ni-Sn;https://www.yageo.com/en/Chart/Download/pdf/CC0603KRX5R6BB106;https://www.yageo.com/upload/media/product/productsearch/datasheet/mlcc/UPY-GPHC_X5R_4V-to-50V_30.pdf;;
CC0603KRX5R6BB224;0603_170_090_090_060_050.STEP;;General Purpose;CC X5R;General purpose X5R;0603 (1608);X5R;-55 to +85°C;10.0;220 nF;±10%;1.60 ±0.10;0.80 ±0.10;0.80 ±0.10;0.20~0.60;0.4;;;;5.00%;2.27 GΩ;200%;IEC-60384;Reflow/Wave;No;1 KHz, 1 Vrms;Paper/PE Tape Reel 7 inch;4,000;0.00560 g;Ni-Sn;https://www.yageo.com/en/Chart/Download/pdf/CC0603KRX5R6BB224;https://www.yageo.com/upload/media/product/productsearch/datasheet/mlcc/UPY-GPHC_X5R_4V-to-50V_30.pdf;;
CC0603KRX5R6BB225;0603_170_090_090_060_050.STEP;;General Purpose;CC X5R;General purpose X5R;0603 (1608);X5R;-55 to +85°C;10.0;2.2 uF;±10%;1.60 ±0.10;0.80 ±0.10;0.80 ±0.10;0.20~0.60;0.4;;;;10.00%;45.5 MΩ;150%;IEC-60384;Reflow;No;1 KHz, 1 Vrms;Paper/PE Tape Reel 7 inch;4,000;0.00560 g;Ni-Sn;https://www.yageo.com/en/Chart/Download/pdf/CC0603KRX5R6BB225;https://www.yageo.com/upload/media/product/productsearch/datasheet/mlcc/UPY-GPHC_X5R_4V-to-50V_30.pdf;;
CC0603KRX5R6BB334;0603_170_090_090_060_050.STEP;;General Purpose;CC X5R;General purpose X5R;0603 (1608);X5R;-55 to +85°C;10.0;330 nF;±10%;1.60 ±0.10;0.80 ±0.10;0.80 ±0.10;0.20~0.60;0.4;;;;5.00%;1.5 GΩ;200%;IEC-60384;Reflow/Wave;No;1 KHz, 1 Vrms;Paper/PE Tape Reel 7 inch;4,000;0.00560 g;Ni-Sn;https://www.yageo.com/en/Chart/Download/pdf/CC0603KRX5R6BB334;https://www.yageo.com/upload/media/product/productsearch/datasheet/mlcc/UPY-GPHC_X5R_4V-to-50V_30.pdf;;
CC0603KRX5R6BB474;0603_170_090_090_060_050.STEP;;General Purpose;CC X5R;General purpose X5R;0603 (1608);X5R;-55 to +85°C;10.0;470 nF;±10%;1.60 ±0.10;0.80 ±0.10;0.80 ±0.10;0.20~0.60;0.4;;;;5.00%;1.06 GΩ;200%;IEC-60384;Reflow/Wave;No;1 KHz, 1 Vrms;Paper/PE Tape Reel 7 inch;4,000;0.00560 g;Ni-Sn;https://www.yageo.com/en/Chart/Download/pdf/CC0603KRX5R6BB474;https://www.yageo.com/upload/media/product/productsearch/datasheet/mlcc/UPY-GPHC_X5R_4V-to-50V_30.pdf;;
CC0603KRX5R6BB475;0603_170_090_090_060_050.STEP;;General Purpose;CC X5R;General purpose X5R;0603 (1608);X5R;-55 to +85°C;10.0;4.7 uF;±10%;1.60 ±0.10;0.80 ±0.10;0.80 ±0.10;0.20~0.60;0.4;;;;10.00%;21.2 MΩ;150%;IEC-60384;Reflow;No;1 KHz, 1 Vrms;Paper/PE Tape Reel 7 inch;4,000;0.00560 g;Ni-Sn;https://www.yageo.com/en/Chart/Download/pdf/CC0603KRX5R6BB475;https://www.yageo.com/upload/media/product/productsearch/datasheet/mlcc/UPY-GPHC_X5R_4V-to-50V_30.pdf;;
CC0603KRX5R6BB684;0603_170_090_090_060_050.STEP;;General Purpose;CC X5R;General purpose X5R;0603 (1608);X5R;-55 to +85°C;10.0;680 nF;±10%;1.60 ±0.10;0.80 ±0.10;0.80 ±0.10;0.20~0.60;0.4;;;;7.00%;735 MΩ;200%;IEC-60384;Reflow/Wave;No;1 KHz, 1 Vrms;Paper/PE Tape Reel 7 inch;4,000;0.00560 g;Ni-Sn;https://www.yageo.com/en/Chart/Download/pdf/CC0603KRX5R6BB684;https://www.yageo.com/upload/media/product/productsearch/datasheet/mlcc/UPY-GPHC_X5R_4V-to-50V_30.pdf;;
CC0603KRX5R7BB105;0603_170_090_090_060_050.STEP;;General Purpose;CC X5R;General purpose X5R;0603 (1608);X5R;-55 to +85°C;16.0;1 uF;±10%;1.60 ±0.10;0.80 ±0.10;0.80 ±0.10;0.20~0.60;0.4;;;;7.00%;500 MΩ;200%;IEC-60384;Reflow;No;1 KHz, 1 Vrms;Paper/PE Tape Reel 7 inch;4,000;0.00560 g;Ni-Sn;https://www.yageo.com/en/Chart/Download/pdf/CC0603KRX5R7BB105;https://www.yageo.com/upload/media/product/productsearch/datasheet/mlcc/UPY-GPHC_X5R_4V-to-50V_30.pdf;;
CC0603KRX5R7BB224;0603_170_090_090_060_050.STEP;;General Purpose;CC X5R;General purpose X5R;0603 (1608);X5R;-55 to +85°C;16.0;220 nF;±10%;1.60 ±0.10;0.80 ±0.10;0.80 ±0.10;0.20~0.60;0.4;;;;5.00%;2.27 GΩ;200%;IEC-60384;Reflow/Wave;No;1 KHz, 1 Vrms;Paper/PE Tape Reel 7 inch;4,000;0.00560 g;Ni-Sn;https://www.yageo.com/en/Chart/Download/pdf/CC0603KRX5R7BB224;https://www.yageo.com/upload/media/product/productsearch/datasheet/mlcc/UPY-GPHC_X5R_4V-to-50V_30.pdf;;
CC0603KRX5R7BB225;0603_170_090_090_060_050.STEP;;General Purpose;CC X5R;General purpose X5R;0603 (1608);X5R;-55 to +85°C;16.0;2.2 uF;±10%;1.60 ±0.10;0.80 ±0.10;0.80 ±0.10;0.20~0.60;0.4;;;;10.00%;45.5 MΩ;150%;IEC-60384;Reflow;No;1 KHz, 1 Vrms;Paper/PE Tape Reel 7 inch;4,000;0.00560 g;Ni-Sn;https://www.yageo.com/en/Chart/Download/pdf/CC0603KRX5R7BB225;https://www.yageo.com/upload/media/product/productsearch/datasheet/mlcc/UPY-GPHC_X5R_4V-to-50V_30.pdf;;
CC0603KRX5R7BB334;0603_170_090_090_060_050.STEP;;General Purpose;CC X5R;General purpose X5R;0603 (1608);X5R;-55 to +85°C;16.0;330 nF;±10%;1.60 ±0.10;0.80 ±0.10;0.80 ±0.10;0.20~0.60;0.4;;;;5.00%;1.5 GΩ;200%;IEC-60384;Reflow/Wave;No;1 KHz, 1 Vrms;Paper/PE Tape Reel 7 inch;4,000;0.00560 g;Ni-Sn;https://www.yageo.com/en/Chart/Download/pdf/CC0603KRX5R7BB334;https://www.yageo.com/upload/media/product/productsearch/datasheet/mlcc/UPY-GPHC_X5R_4V-to-50V_30.pdf;;
CC0603KRX5R7BB474;0603_170_090_090_060_050.STEP;;General Purpose;CC X5R;General purpose X5R;0603 (1608);X5R;-55 to +85°C;16.0;470 nF;±10%;1.60 ±0.10;0.80 ±0.10;0.80 ±0.10;0.20~0.60;0.4;;;;5.00%;1.06 GΩ;200%;IEC-60384;Reflow/Wave;No;1 KHz, 1 Vrms;Paper/PE Tape Reel 7 inch;4,000;0.00560 g;Ni-Sn;https://www.yageo.com/en/Chart/Download/pdf/CC0603KRX5R7BB474;https://www.yageo.com/upload/media/product/productsearch/datasheet/mlcc/UPY-GPHC_X5R_4V-to-50V_30.pdf;;
CC0603KRX5R7BB475;0603_170_090_090_060_050.STEP;;General Purpose;CC X5R;General purpose X5R;0603 (1608);X5R;-55 to +85°C;16.0;4.7 uF;±10%;1.60 ±0.10;0.80 ±0.10;0.80 ±0.10;0.20~0.60;0.4;;;;10.00%;21.2 MΩ;150%;IEC-60384;Reflow;No;1 KHz, 1 Vrms;Paper/PE Tape Reel 7 inch;4,000;0.00560 g;Ni-Sn;https://www.yageo.com/en/Chart/Download/pdf/CC0603KRX5R7BB475;https://www.yageo.com/upload/media/product/productsearch/datasheet/mlcc/UPY-GPHC_X5R_4V-to-50V_30.pdf;;
CC0603KRX5R7BB684;0603_170_090_090_060_050.STEP;;General Purpose;CC X5R;General purpose X5R;0603 (1608);X5R;-55 to +85°C;16.0;680 nF;±10%;1.60 ±0.10;0.80 ±0.10;0.80 ±0.10;0.20~0.60;0.4;;;;7.00%;735 MΩ;200%;IEC-60384;Reflow/Wave;No;1 KHz, 1 Vrms;Paper/PE Tape Reel 7 inch;4,000;0.00560 g;Ni-Sn;https://www.yageo.com/en/Chart/Download/pdf/CC0603KRX5R7BB684;https://www.yageo.com/upload/media/product/productsearch/datasheet/mlcc/UPY-GPHC_X5R_4V-to-50V_30.pdf;;
CC0603KRX5R8BB104;0603_170_090_090_060_050.STEP;;General Purpose;CC X5R;General purpose X5R;0603 (1608);X5R;-55 to +85°C;25.0;100 nF;±10%;1.60 ±0.10;0.80 ±0.10;0.80 ±0.10;0.20~0.60;0.4;;;;5.00%;5.0 GΩ;200%;IEC-60384;Reflow/Wave;No;1 KHz, 1 Vrms;Paper/PE Tape Reel 7 inch;4,000;0.00560 g;Ni-Sn;https://www.yageo.com/en/Chart/Download/pdf/CC0603KRX5R8BB104;https://www.yageo.com/upload/media/product/productsearch/datasheet/mlcc/UPY-GPHC_X5R_4V-to-50V_30.pdf;;
CC0603KRX5R8BB105;0603_170_090_090_060_050.STEP;;General Purpose;CC X5R;General purpose X5R;0603 (1608);X5R;-55 to +85°C;25.0;1 uF;±10%;1.60 ±0.10;0.80 ±0.10;0.80 ±0.10;0.20~0.60;0.4;;;;7.00%;500 MΩ;200%;IEC-60384;Reflow;No;1 KHz, 1 Vrms;Paper/PE Tape Reel 7 inch;4,000;0.00560 g;Ni-Sn;https://www.yageo.com/en/Chart/Download/pdf/CC0603KRX5R8BB105;https://www.yageo.com/upload/media/product/productsearch/datasheet/mlcc/UPY-GPHC_X5R_4V-to-50V_30.pdf;;
CC0603KRX5R8BB224;0603_170_090_090_060_050.STEP;;General Purpose;CC X5R;General purpose X5R;0603 (1608);X5R;-55 to +85°C;25.0;220 nF;±10%;1.60 ±0.10;0.80 ±0.10;0.80 ±0.10;0.20~0.60;0.4;;;;5.00%;2.27 GΩ;200%;IEC-60384;Reflow/Wave;No;1 KHz, 1 Vrms;Paper/PE Tape Reel 7 inch;4,000;0.00560 g;Ni-Sn;https://www.yageo.com/en/Chart/Download/pdf/CC0603KRX5R8BB224;https://www.yageo.com/upload/media/product/productsearch/datasheet/mlcc/UPY-GPHC_X5R_4V-to-50V_30.pdf;;
CC0603KRX5R8BB225;0603_175_095_095_060_055.STEP;;General Purpose;CC X5R;General purpose X5R;0603 (1608);X5R;-55 to +85°C;25.0;2.2 uF;±10%;1.60 ±0.15;0.80 ±0.15;0.80 ±0.15;0.20~0.60;0.4;;;;10.00%;45.5 MΩ;150%;IEC-60384;Reflow;No;1 KHz, 1 Vrms;Paper/PE Tape Reel 7 inch;4,000;0.00570 g;Ni-Sn;https://www.yageo.com/en/Chart/Download/pdf/CC0603KRX5R8BB225;https://www.yageo.com/upload/media/product/productsearch/datasheet/mlcc/UPY-GPHC_X5R_4V-to-50V_30.pdf;;
CC0603KRX5R8BB334;0603_170_090_090_060_050.STEP;;General Purpose;CC X5R;General purpose X5R;0603 (1608);X5R;-55 to +85°C;25.0;330 nF;±10%;1.60 ±0.10;0.80 ±0.10;0.80 ±0.10;0.20~0.60;0.4;;;;5.00%;1.5 GΩ;200%;IEC-60384;Reflow/Wave;No;1 KHz, 1 Vrms;Paper/PE Tape Reel 7 inch;4,000;0.00560 g;Ni-Sn;https://www.yageo.com/en/Chart/Download/pdf/CC0603KRX5R8BB334;https://www.yageo.com/upload/media/product/productsearch/datasheet/mlcc/UPY-GPHC_X5R_4V-to-50V_30.pdf;;
CC0603KRX5R8BB474;0603_170_090_090_060_050.STEP;;General Purpose;CC X5R;General purpose X5R;0603 (1608);X5R;-55 to +85°C;25.0;470 nF;±10%;1.60 ±0.10;0.80 ±0.10;0.80 ±0.10;0.20~0.60;0.4;;;;5.00%;1.06 GΩ;200%;IEC-60384;Reflow/Wave;No;1 KHz, 1 Vrms;Paper/PE Tape Reel 7 inch;4,000;0.00560 g;Ni-Sn;https://www.yageo.com/en/Chart/Download/pdf/CC0603KRX5R8BB474;https://www.yageo.com/upload/media/product/productsearch/datasheet/mlcc/UPY-GPHC_X5R_4V-to-50V_30.pdf;;
CC0603KRX5R8BB475;0603_175_095_095_060_055.STEP;;General Purpose;CC X5R;General purpose X5R;0603 (1608);X5R;-55 to +85°C;25.0;4.7 uF;±10%;1.60 ±0.15;0.80 ±0.15;0.80 ±0.15;0.20~0.60;0.4;;;;10.00%;21.2 MΩ;100%;IEC-60384;Reflow;No;1 KHz, 1 Vrms;Paper/PE Tape Reel 7 inch;4,000;0.00570 g;Ni-Sn;https://www.yageo.com/en/Chart/Download/pdf/CC0603KRX5R8BB475;https://www.yageo.com/upload/media/product/productsearch/datasheet/mlcc/UPY-GPHC_X5R_4V-to-50V_30.pdf;;
CC0603KRX5R8BB684;0603_170_090_090_060_050.STEP;;General Purpose;CC X5R;General purpose X5R;0603 (1608);X5R;-55 to +85°C;25.0;680 nF;±10%;1.60 ±0.10;0.80 ±0.10;0.80 ±0.10;0.20~0.60;0.4;;;;7.00%;735 MΩ;200%;IEC-60384;Reflow/Wave;No;1 KHz, 1 Vrms;Paper/PE Tape Reel 7 inch;4,000;0.00560 g;Ni-Sn;https://www.yageo.com/en/Chart/Download/pdf/CC0603KRX5R8BB684;https://www.yageo.com/upload/media/product/productsearch/datasheet/mlcc/UPY-GPHC_X5R_4V-to-50V_30.pdf;;
CC0603KRX5R9BB102;0603_170_090_090_060_050.STEP;;General Purpose;CC X5R;General purpose X5R;0603 (1608);X5R;-55 to +85°C;50.0;1 nF;±10%;1.60 ±0.10;0.80 ±0.10;0.80 ±0.10;0.20~0.60;0.4;;;;3.50%;10.0 GΩ;200%;IEC-60384;Reflow/Wave;No;1 KHz, 1 Vrms;Paper/PE Tape Reel 7 inch;4,000;0.00560 g;Ni-Sn;https://www.yageo.com/en/Chart/Download/pdf/CC0603KRX5R9BB102;https://www.yageo.com/upload/media/product/productsearch/datasheet/mlcc/UPY-GPHC_X5R_4V-to-50V_30.pdf;;
CC0603KRX5R9BB103;0603_170_090_090_060_050.STEP;;General Purpose;CC X5R;General purpose X5R;0603 (1608);X5R;-55 to +85°C;50.0;10 nF;±10%;1.60 ±0.10;0.80 ±0.10;0.80 ±0.10;0.20~0.60;0.4;;;;3.50%;10.0 GΩ;200%;IEC-60384;Reflow/Wave;No;1 KHz, 1 Vrms;Paper/PE Tape Reel 7 inch;4,000;0.00560 g;Ni-Sn;https://www.yageo.com/en/Chart/Download/pdf/CC0603KRX5R9BB103;https://www.yageo.com/upload/media/product/productsearch/datasheet/mlcc/UPY-GPHC_X5R_4V-to-50V_30.pdf;;
CC0603KRX5R9BB104;0603_170_090_090_060_050.STEP;;General Purpose;CC X5R;General purpose X5R;0603 (1608);X5R;-55 to +85°C;50.0;100 nF;±10%;1.60 ±0.10;0.80 ±0.10;0.80 ±0.10;0.20~0.60;0.4;;;;3.50%;5.0 GΩ;200%;IEC-60384;Reflow/Wave;No;1 KHz, 1 Vrms;Paper/PE Tape Reel 7 inch;4,000;0.00560 g;Ni-Sn;https://www.yageo.com/en/Chart/Download/pdf/CC0603KRX5R9BB104;https://www.yageo.com/upload/media/product/productsearch/datasheet/mlcc/UPY-GPHC_X5R_4V-to-50V_30.pdf;;
CC0603KRX5R9BB105;0603_170_090_090_060_050.STEP;;General Purpose;CC X5R;General purpose X5R;0603 (1608);X5R;-55 to +85°C;50.0;1 uF;±10%;1.60 ±0.10;0.80 ±0.10;0.80 ±0.10;0.20~0.60;0.4;;;;10.00%;100 MΩ;150%;IEC-60384;Reflow;No;1 KHz, 1 Vrms;Paper/PE Tape Reel 7 inch;4,000;0.00560 g;Ni-Sn;https://www.yageo.com/en/Chart/Download/pdf/CC0603KRX5R9BB105;https://www.yageo.com/upload/media/product/productsearch/datasheet/mlcc/UPY-GPHC_X5R_4V-to-50V_30.pdf;;
CC0603KRX5R9BB224;0603_170_090_090_060_050.STEP;;General Purpose;CC X5R;General purpose X5R;0603 (1608);X5R;-55 to +85°C;50.0;220 nF;±10%;1.60 ±0.10;0.80 ±0.10;0.80 ±0.10;0.20~0.60;0.4;;;;10.00%;227 MΩ;200%;IEC-60384;Reflow/Wave;No;1 KHz, 1 Vrms;Paper/PE Tape Reel 7 inch;4,000;0.00560 g;Ni-Sn;https://www.yageo.com/en/Chart/Download/pdf/CC0603KRX5R9BB224;https://www.yageo.com/upload/media/product/productsearch/datasheet/mlcc/UPY-GPHC_X5R_4V-to-50V_30.pdf;;
CC0603KRX5R9BB225;0603_180_100_100_060_060.STEP;;General Purpose;CC X5R;General purpose X5R;0603 (1608);X5R;-55 to +85°C;50.0;2.2 uF;±10%;1.60 ±0.20;0.80 ±0.20;0.80 ±0.20;0.20~0.60;0.4;;;;10.00%;22.7 MΩ;150%;IEC-60384;Reflow;No;1 KHz, 1 Vrms;Paper/PE Tape Reel 7 inch;4,000;0.00580 g;Ni-Sn;https://www.yageo.com/en/Chart/Download/pdf/CC0603KRX5R9BB225;https://www.yageo.com/upload/media/product/productsearch/datasheet/mlcc/UPY-GPHC_X5R_4V-to-50V_30.pdf;;
CC0603KRX5R9BB474;0603_170_090_090_060_050.STEP;;General Purpose;CC X5R;General purpose X5R;0603 (1608);X5R;-55 to +85°C;50.0;470 nF;±10%;1.60 ±0.10;0.80 ±0.10;0.80 ±0.10;0.20~0.60;0.4;;;;10.00%;212 MΩ;200%;IEC-60384;Reflow/Wave;No;1 KHz, 1 Vrms;Paper/PE Tape Reel 7 inch;4,000;0.00560 g;Ni-Sn;https://www.yageo.com/en/Chart/Download/pdf/CC0603KRX5R9BB474;https://www.yageo.com/upload/media/product/productsearch/datasheet/mlcc/UPY-GPHC_X5R_4V-to-50V_30.pdf;;
CC0603MPX5R5BB106;0603_180_100_100_060_060.STEP;;General Purpose;CC X5R;General purpose X5R;0603 (1608);X5R;-55 to +85°C;6.3;10 uF;±20%;1.60 ±0.20;0.80 ±0.20;0.80 ±0.20;0.20~0.60;0.4;;;;10.00%;5 MΩ;150%;IEC-60384;Reflow;No;1kHz, 0.5 Vrms;Paper/PE Tape Reel 13 inch;15,000;0.00580 g;Ni-Sn;https://www.yageo.com/en/Chart/Download/pdf/CC0603MPX5R5BB106;https://www.yageo.com/upload/media/product/productsearch/datasheet/mlcc/UPY-GPHC_X5R_4V-to-50V_30.pdf;;
CC0603MPX5R5BB226;0603_180_100_100_060_060.STEP;;General Purpose;CC X5R;General purpose X5R;0603 (1608);X5R;-55 to +85°C;6.3;22 uF;±20%;1.60 ±0.20;0.80 ±0.20;0.80 ±0.20;0.20~0.60;0.4;;;;10.00%;2.27 MΩ;100%;IEC-60384;Reflow;No;0.5 Vrms, 120 Hz;Paper/PE Tape Reel 13 inch;15,000;0.00580 g;Ni-Sn;https://www.yageo.com/en/Chart/Download/pdf/CC0603MPX5R5BB226;https://www.yageo.com/upload/media/product/productsearch/datasheet/mlcc/UPY-GPHC_X5R_4V-to-50V_30.pdf;;
CC0603MPX5R5BB475;0603_180_100_100_060_060.STEP;;General Purpose;CC X5R;General purpose X5R;0603 (1608);X5R;-55 to +85°C;6.3;4.7 uF;±20%;1.60 ±0.20;0.80 ±0.20;0.80 ±0.20;0.20~0.60;0.4;;;;10.00%;21.2 MΩ;150%;IEC-60384;Reflow;No;1kHz, 0.5 Vrms;Paper/PE Tape Reel 13 inch;15,000;0.00580 g;Ni-Sn;https://www.yageo.com/en/Chart/Download/pdf/CC0603MPX5R5BB475;https://www.yageo.com/upload/media/product/productsearch/datasheet/mlcc/UPY-GPHC_X5R_4V-to-50V_30.pdf;;
CC0603MPX5R6BB106;0603_180_100_100_060_060.STEP;;General Purpose;CC X5R;General purpose X5R;0603 (1608);X5R;-55 to +85°C;10.0;10 uF;±20%;1.60 ±0.20;0.80 ±0.20;0.80 ±0.20;0.20~0.60;0.4;;;;10.00%;5 MΩ;100%;IEC-60384;Reflow;No;1 KHz, 1 Vrms;Paper/PE Tape Reel 13 inch;15,000;0.00580 g;Ni-Sn;https://www.yageo.com/en/Chart/Download/pdf/CC0603MPX5R6BB106;https://www.yageo.com/upload/media/product/productsearch/datasheet/mlcc/UPY-GPHC_X5R_4V-to-50V_30.pdf;;
CC0603MPX5R6BB225;0603_170_090_090_060_050.STEP;;General Purpose;CC X5R;General purpose X5R;0603 (1608);X5R;-55 to +85°C;10.0;2.2 uF;±20%;1.60 ±0.10;0.80 ±0.10;0.80 ±0.10;0.20~0.60;0.4;;;;10.00%;45.5 MΩ;150%;IEC-60384;Reflow;No;1 KHz, 1 Vrms;Paper/PE Tape Reel 13 inch;15,000;0.00560 g;Ni-Sn;https://www.yageo.com/en/Chart/Download/pdf/CC0603MPX5R6BB225;https://www.yageo.com/upload/media/product/productsearch/datasheet/mlcc/UPY-GPHC_X5R_4V-to-50V_30.pdf;;
CC0603MPX5R6BB226;0603_180_100_100_060_060.STEP;;General Purpose;CC X5R;General purpose X5R;0603 (1608);X5R;-55 to +85°C;10.0;22 uF;±20%;1.60 ±0.20;0.80 ±0.20;0.80 ±0.20;0.20~0.60;0.4;;;;10.00%;2.27 MΩ;100%;IEC-60384;Reflow;No;0.5 Vrms, 120 Hz;Paper/PE Tape Reel 13 inch;15,000;0.00580 g;Ni-Sn;https://www.yageo.com/en/Chart/Download/pdf/CC0603MPX5R6BB226;https://www.yageo.com/upload/media/product/productsearch/datasheet/mlcc/UPY-GPHC_X5R_4V-to-50V_30.pdf;;
CC0603MPX5R7BB106;0603_170_090_090_060_050.STEP;;General Purpose;CC X5R;General purpose X5R;0603 (1608);X5R;-55 to +85°C;16.0;10 uF;±20%;1.60 ±0.10;0.80 ±0.10;0.80 ±0.10;0.20~0.60;0.4;;;;10.00%;5 MΩ;100%;IEC-60384;Reflow;No;1 KHz, 1 Vrms;Paper/PE Tape Reel 13 inch;15,000;0.00560 g;Ni-Sn;https://www.yageo.com/en/Chart/Download/pdf/CC0603MPX5R7BB106;https://www.yageo.com/upload/media/product/productsearch/datasheet/mlcc/UPY-GPHC_X5R_4V-to-50V_30.pdf;;
CC0603MPX5R7BB225;0603_170_090_090_060_050.STEP;;General Purpose;CC X5R;General purpose X5R;0603 (1608);X5R;-55 to +85°C;16.0;2.2 uF;±20%;1.60 ±0.10;0.80 ±0.10;0.80 ±0.10;0.20~0.60;0.4;;;;10.00%;45.5 MΩ;150%;IEC-60384;Reflow;No;1 KHz, 1 Vrms;Paper/PE Tape Reel 13 inch;15,000;0.00560 g;Ni-Sn;https://www.yageo.com/en/Chart/Download/pdf/CC0603MPX5R7BB225;https://www.yageo.com/upload/media/product/productsearch/datasheet/mlcc/UPY-GPHC_X5R_4V-to-50V_30.pdf;;
CC0603MRX5R4BB106;0603_175_095_095_060_055.STEP;;General Purpose;CC X5R;General purpose X5R;0603 (1608);X5R;-55 to +85°C;4.0;10 uF;±20%;1.60 ±0.15;0.80 ±0.15;0.80 ±0.15;0.20~0.60;0.4;;;;10.00%;5 MΩ;150%;IEC-60384;Reflow;No;1kHz, 0.5 Vrms;Paper/PE Tape Reel 7 inch;4,000;0.00570 g;Ni-Sn;https://www.yageo.com/en/Chart/Download/pdf/CC0603MRX5R4BB106;https://www.yageo.com/upload/media/product/productsearch/datasheet/mlcc/UPY-GPHC_X5R_4V-to-50V_30.pdf;;
CC0603MRX5R4BB226;0603_180_100_100_060_060.STEP;;General Purpose;CC X5R;General purpose X5R;0603 (1608);X5R;-55 to +85°C;4.0;22 uF;±20%;1.60 ±0.20;0.80 ±0.20;0.80 ±0.20;0.20~0.60;0.4;;;;10.00%;2.27 MΩ;100%;IEC-60384;Reflow;No;0.5 Vrms, 120 Hz;Paper/PE Tape Reel 7 inch;4,000;0.00580 g;Ni-Sn;https://www.yageo.com/en/Chart/Download/pdf/CC0603MRX5R4BB226;https://www.yageo.com/upload/media/product/productsearch/datasheet/mlcc/UPY-GPHC_X5R_4V-to-50V_30.pdf;;
CC0603MRX5R5BB105;0603_170_090_090_060_050.STEP;;General Purpose;CC X5R;General purpose X5R;0603 (1608);X5R;-55 to +85°C;6.3;1 uF;±20%;1.60 ±0.10;0.80 ±0.10;0.80 ±0.10;0.20~0.60;0.4;;;;5.00%;500 MΩ;200%;IEC-60384;Reflow;No;1 KHz, 1 Vrms;Paper/PE Tape Reel 7 inch;4,000;0.00560 g;Ni-Sn;https://www.yageo.com/en/Chart/Download/pdf/CC0603MRX5R5BB105;https://www.yageo.com/upload/media/product/productsearch/datasheet/mlcc/UPY-GPHC_X5R_4V-to-50V_30.pdf;;
CC0603MRX5R5BB106;0603_175_095_095_060_055.STEP;;General Purpose;CC X5R;General purpose X5R;0603 (1608);X5R;-55 to +85°C;6.3;10 uF;±20%;1.60 ±0.15;0.80 ±0.15;0.80 ±0.15;0.20~0.60;0.4;;;;10.00%;5 MΩ;150%;IEC-60384;Reflow;No;1kHz, 0.5 Vrms;Paper/PE Tape Reel 7 inch;4,000;0.00570 g;Ni-Sn;https://www.yageo.com/en/Chart/Download/pdf/CC0603MRX5R5BB106;https://www.yageo.com/upload/media/product/productsearch/datasheet/mlcc/UPY-GPHC_X5R_4V-to-50V_30.pdf;;
CC0603MRX5R5BB225;0603_170_090_090_060_050.STEP;;General Purpose;CC X5R;General purpose X5R;0603 (1608);X5R;-55 to +85°C;6.3;2.2 uF;±20%;1.60 ±0.10;0.80 ±0.10;0.80 ±0.10;0.20~0.60;0.4;;;;10.00%;45.5 MΩ;150%;IEC-60384;Reflow;No;1kHz, 0.5 Vrms;Paper/PE Tape Reel 7 inch;4,000;0.00560 g;Ni-Sn;https://www.yageo.com/en/Chart/Download/pdf/CC0603MRX5R5BB225;https://www.yageo.com/upload/media/product/productsearch/datasheet/mlcc/UPY-GPHC_X5R_4V-to-50V_30.pdf;;
CC0603MRX5R5BB226;0603_180_100_100_060_060.STEP;;General Purpose;CC X5R;General purpose X5R;0603 (1608);X5R;-55 to +85°C;6.3;22 uF;±20%;1.60 ±0.20;0.80 ±0.20;0.80 ±0.20;0.20~0.60;0.4;;;;10.00%;2.27 MΩ;100%;IEC-60384;Reflow;No;0.5 Vrms, 120 Hz;Paper/PE Tape Reel 7 inch;4,000;0.00580 g;Ni-Sn;https://www.yageo.com/en/Chart/Download/pdf/CC0603MRX5R5BB226;https://www.yageo.com/upload/media/product/productsearch/datasheet/mlcc/UPY-GPHC_X5R_4V-to-50V_30.pdf;;
CC0603MRX5R5BB475;0603_170_090_090_060_050.STEP;;General Purpose;CC X5R;General purpose X5R;0603 (1608);X5R;-55 to +85°C;6.3;4.7 uF;±20%;1.60 ±0.10;0.80 ±0.10;0.80 ±0.10;0.20~0.60;0.4;;;;10.00%;21.2 MΩ;150%;IEC-60384;Reflow;No;1kHz, 0.5 Vrms;Paper/PE Tape Reel 7 inch;4,000;0.00560 g;Ni-Sn;https://www.yageo.com/en/Chart/Download/pdf/CC0603MRX5R5BB475;https://www.yageo.com/upload/media/product/productsearch/datasheet/mlcc/UPY-GPHC_X5R_4V-to-50V_30.pdf;;
CC0603MRX5R6BB105;0603_170_090_090_060_050.STEP;;General Purpose;CC X5R;General purpose X5R;0603 (1608);X5R;-55 to +85°C;10.0;1 uF;±20%;1.60 ±0.10;0.80 ±0.10;0.80 ±0.10;0.20~0.60;0.4;;;;10.00%;500 MΩ;200%;IEC-60384;Reflow;No;1 KHz, 1 Vrms;Paper/PE Tape Reel 7 inch;4,000;0.00560 g;Ni-Sn;https://www.yageo.com/en/Chart/Download/pdf/CC0603MRX5R6BB105;https://www.yageo.com/upload/media/product/productsearch/datasheet/mlcc/UPY-GPHC_X5R_4V-to-50V_30.pdf;;
CC0603MRX5R6BB106;0603_180_100_100_060_060.STEP;;General Purpose;CC X5R;General purpose X5R;0603 (1608);X5R;-55 to +85°C;10.0;10 uF;±20%;1.60 ±0.20;0.80 ±0.20;0.80 ±0.20;0.20~0.60;0.4;;;;10.00%;5 MΩ;100%;IEC-60384;Reflow;No;1 KHz, 1 Vrms;Paper/PE Tape Reel 7 inch;4,000;0.00580 g;Ni-Sn;https://www.yageo.com/en/Chart/Download/pdf/CC0603MRX5R6BB106;https://www.yageo.com/upload/media/product/productsearch/datasheet/mlcc/UPY-GPHC_X5R_4V-to-50V_30.pdf;;
CC0603MRX5R6BB225;0603_170_090_090_060_050.STEP;;General Purpose;CC X5R;General purpose X5R;0603 (1608);X5R;-55 to +85°C;10.0;2.2 uF;±20%;1.60 ±0.10;0.80 ±0.10;0.80 ±0.10;0.20~0.60;0.4;;;;10.00%;45.5 MΩ;150%;IEC-60384;Reflow;No;1 KHz, 1 Vrms;Paper/PE Tape Reel 7 inch;4,000;0.00560 g;Ni-Sn;https://www.yageo.com/en/Chart/Download/pdf/CC0603MRX5R6BB225;https://www.yageo.com/upload/media/product/productsearch/datasheet/mlcc/UPY-GPHC_X5R_4V-to-50V_30.pdf;;
CC0603MRX5R6BB226;0603_180_100_100_060_060.STEP;;General Purpose;CC X5R;General purpose X5R;0603 (1608);X5R;-55 to +85°C;10.0;22 uF;±20%;1.60 ±0.20;0.80 ±0.20;0.80 ±0.20;0.20~0.60;0.4;;;;10.00%;2.27 MΩ;100%;IEC-60384;Reflow;No;0.5 Vrms, 120 Hz;Paper/PE Tape Reel 7 inch;4,000;0.00580 g;Ni-Sn;https://www.yageo.com/en/Chart/Download/pdf/CC0603MRX5R6BB226;https://www.yageo.com/upload/media/product/productsearch/datasheet/mlcc/UPY-GPHC_X5R_4V-to-50V_30.pdf;;
CC0603MRX5R6BB474;0603_170_090_090_060_050.STEP;;General Purpose;CC X5R;General purpose X5R;0603 (1608);X5R;-55 to +85°C;10.0;470 nF;±20%;1.60 ±0.10;0.80 ±0.10;0.80 ±0.10;0.20~0.60;0.4;;;;5.00%;1.06 GΩ;200%;IEC-60384;Reflow/Wave;No;1 KHz, 1 Vrms;Paper/PE Tape Reel 7 inch;4,000;0.00560 g;Ni-Sn;https://www.yageo.com/en/Chart/Download/pdf/CC0603MRX5R6BB474;https://www.yageo.com/upload/media/product/productsearch/datasheet/mlcc/UPY-GPHC_X5R_4V-to-50V_30.pdf;;
CC0603MRX5R6BB475;0603_170_090_090_060_050.STEP;;General Purpose;CC X5R;General purpose X5R;0603 (1608);X5R;-55 to +85°C;10.0;4.7 uF;±20%;1.60 ±0.10;0.80 ±0.10;0.80 ±0.10;0.20~0.60;0.4;;;;10.00%;21.2 MΩ;150%;IEC-60384;Reflow;No;1 KHz, 1 Vrms;Paper/PE Tape Reel 7 inch;4,000;0.00560 g;Ni-Sn;https://www.yageo.com/en/Chart/Download/pdf/CC0603MRX5R6BB475;https://www.yageo.com/upload/media/product/productsearch/datasheet/mlcc/UPY-GPHC_X5R_4V-to-50V_30.pdf;;
CC0603MRX5R7BB105;0603_170_090_090_060_050.STEP;;General Purpose;CC X5R;General purpose X5R;0603 (1608);X5R;-55 to +85°C;16.0;1 uF;±20%;1.60 ±0.10;0.80 ±0.10;0.80 ±0.10;0.20~0.60;0.4;;;;7.00%;500 MΩ;200%;IEC-60384;Reflow;No;1 KHz, 1 Vrms;Paper/PE Tape Reel 7 inch;4,000;0.00560 g;Ni-Sn;https://www.yageo.com/en/Chart/Download/pdf/CC0603MRX5R7BB105;https://www.yageo.com/upload/media/product/productsearch/datasheet/mlcc/UPY-GPHC_X5R_4V-to-50V_30.pdf;;
CC0603MRX5R7BB106;0603_170_090_090_060_050.STEP;;General Purpose;CC X5R;General purpose X5R;0603 (1608);X5R;-55 to +85°C;16.0;10 uF;±20%;1.60 ±0.10;0.80 ±0.10;0.80 ±0.10;0.20~0.60;0.4;;;;10.00%;5 MΩ;100%;IEC-60384;Reflow;No;1 KHz, 1 Vrms;Paper/PE Tape Reel 7 inch;4,000;0.00560 g;Ni-Sn;https://www.yageo.com/en/Chart/Download/pdf/CC0603MRX5R7BB106;https://www.yageo.com/upload/media/product/productsearch/datasheet/mlcc/UPY-GPHC_X5R_4V-to-50V_30.pdf;;
CC0603MRX5R7BB225;0603_170_090_090_060_050.STEP;;General Purpose;CC X5R;General purpose X5R;0603 (1608);X5R;-55 to +85°C;16.0;2.2 uF;±20%;1.60 ±0.10;0.80 ±0.10;0.80 ±0.10;0.20~0.60;0.4;;;;10.00%;45.5 MΩ;150%;IEC-60384;Reflow;No;1 KHz, 1 Vrms;Paper/PE Tape Reel 7 inch;4,000;0.00560 g;Ni-Sn;https://www.yageo.com/en/Chart/Download/pdf/CC0603MRX5R7BB225;https://www.yageo.com/upload/media/product/productsearch/datasheet/mlcc/UPY-GPHC_X5R_4V-to-50V_30.pdf;;
CC0603MRX5R7BB334;0603_170_090_090_060_050.STEP;;General Purpose;CC X5R;General purpose X5R;0603 (1608);X5R;-55 to +85°C;16.0;330 nF;±20%;1.60 ±0.10;0.80 ±0.10;0.80 ±0.10;0.20~0.60;0.4;;;;5.00%;1.5 GΩ;200%;IEC-60384;Reflow/Wave;No;1 KHz, 1 Vrms;Paper/PE Tape Reel 7 inch;4,000;0.00560 g;Ni-Sn;https://www.yageo.com/en/Chart/Download/pdf/CC0603MRX5R7BB334;https://www.yageo.com/upload/media/product/productsearch/datasheet/mlcc/UPY-GPHC_X5R_4V-to-50V_30.pdf;;
CC0603MRX5R7BB474;0603_170_090_090_060_050.STEP;;General Purpose;CC X5R;General purpose X5R;0603 (1608);X5R;-55 to +85°C;16.0;470 nF;±20%;1.60 ±0.10;0.80 ±0.10;0.80 ±0.10;0.20~0.60;0.4;;;;5.00%;1.06 GΩ;200%;IEC-60384;Reflow/Wave;No;1 KHz, 1 Vrms;Paper/PE Tape Reel 7 inch;4,000;0.00560 g;Ni-Sn;https://www.yageo.com/en/Chart/Download/pdf/CC0603MRX5R7BB474;https://www.yageo.com/upload/media/product/productsearch/datasheet/mlcc/UPY-GPHC_X5R_4V-to-50V_30.pdf;;
CC0603MRX5R7BB475;0603_175_095_095_060_055.STEP;;General Purpose;CC X5R;General purpose X5R;0603 (1608);X5R;-55 to +85°C;16.0;4.7 uF;±20%;1.60 ±0.15;0.80 ±0.15;0.80 ±0.15;0.20~0.60;0.4;;;;10.00%;21.2 MΩ;150%;IEC-60384;Reflow;No;1 KHz, 1 Vrms;Paper/PE Tape Reel 7 inch;4,000;0.00570 g;Ni-Sn;https://www.yageo.com/en/Chart/Download/pdf/CC0603MRX5R7BB475;https://www.yageo.com/upload/media/product/productsearch/datasheet/mlcc/UPY-GPHC_X5R_4V-to-50V_30.pdf;;
CC0603MRX5R8BB105;0603_170_090_090_060_050.STEP;;General Purpose;CC X5R;General purpose X5R;0603 (1608);X5R;-55 to +85°C;25.0;1 uF;±20%;1.60 ±0.10;0.80 ±0.10;0.80 ±0.10;0.20~0.60;0.4;;;;7.00%;500 MΩ;200%;IEC-60384;Reflow;No;1 KHz, 1 Vrms;Paper/PE Tape Reel 7 inch;4,000;0.00560 g;Ni-Sn;https://www.yageo.com/en/Chart/Download/pdf/CC0603MRX5R8BB105;https://www.yageo.com/upload/media/product/productsearch/datasheet/mlcc/UPY-GPHC_X5R_4V-to-50V_30.pdf;;
CC0603MRX5R8BB106;0603_180_100_100_060_060.STEP;;General Purpose;CC X5R;General purpose X5R;0603 (1608);X5R;-55 to +85°C;25.0;10 uF;±20%;1.60 ±0.20;0.80 ±0.20;0.80 ±0.20;0.20~0.60;0.4;;;;10.00%;5 MΩ;100%;IEC-60384;Reflow;No;1 KHz, 1 Vrms;Paper/PE Tape Reel 7 inch;4,000;0.00580 g;Ni-Sn;https://www.yageo.com/en/Chart/Download/pdf/CC0603MRX5R8BB106;https://www.yageo.com/upload/media/product/productsearch/datasheet/mlcc/UPY-GPHC_X5R_4V-to-50V_30.pdf;;
CC0603MRX5R8BB224;0603_170_090_090_060_050.STEP;;General Purpose;CC X5R;General purpose X5R;0603 (1608);X5R;-55 to +85°C;25.0;220 nF;±20%;1.60 ±0.10;0.80 ±0.10;0.80 ±0.10;0.20~0.60;0.4;;;;5.00%;2.27 GΩ;200%;IEC-60384;Reflow/Wave;No;1 KHz, 1 Vrms;Paper/PE Tape Reel 7 inch;4,000;0.00560 g;Ni-Sn;https://www.yageo.com/en/Chart/Download/pdf/CC0603MRX5R8BB224;https://www.yageo.com/upload/media/product/productsearch/datasheet/mlcc/UPY-GPHC_X5R_4V-to-50V_30.pdf;;
CC0603MRX5R8BB225;0603_175_095_095_060_055.STEP;;General Purpose;CC X5R;General purpose X5R;0603 (1608);X5R;-55 to +85°C;25.0;2.2 uF;±20%;1.60 ±0.15;0.80 ±0.15;0.80 ±0.15;0.20~0.60;0.4;;;;10.00%;45.5 MΩ;150%;IEC-60384;Reflow;No;1 KHz, 1 Vrms;Paper/PE Tape Reel 7 inch;4,000;0.00570 g;Ni-Sn;https://www.yageo.com/en/Chart/Download/pdf/CC0603MRX5R8BB225;https://www.yageo.com/upload/media/product/productsearch/datasheet/mlcc/UPY-GPHC_X5R_4V-to-50V_30.pdf;;
CC0603MRX5R8BB475;0603_170_090_090_060_050.STEP;;General Purpose;CC X5R;General purpose X5R;0603 (1608);X5R;-55 to +85°C;25.0;4.7 uF;±20%;1.60 ±0.10;0.80 ±0.10;0.80 ±0.10;0.20~0.60;0.4;;;;10.00%;21.2 MΩ;100%;IEC-60384;Reflow;No;1 KHz, 1 Vrms;Paper/PE Tape Reel 7 inch;4,000;0.00560 g;Ni-Sn;https://www.yageo.com/en/Chart/Download/pdf/CC0603MRX5R8BB475;https://www.yageo.com/upload/media/product/productsearch/datasheet/mlcc/UPY-GPHC_X5R_4V-to-50V_30.pdf;;
CC0805KFX5R5BB106;0805_220_145_145_075_070.STEP;;General Purpose;CC X5R;General purpose X5R;0805 (2012);X5R;-55 to +85°C;6.3;10 uF;±10%;2.00 ±0.20;1.25 ±0.20;1.25 ±0.20;0.25~0.75;0.7;;;;10.00%;10 MΩ;150%;IEC-60384;Reflow;No;1kHz, 0.5 Vrms;Embossed Plastic Tape Reel 13 inch;10,000;0.01720 g;Ni-Sn;https://www.yageo.com/en/Chart/Download/pdf/CC0805KFX5R5BB106;https://www.yageo.com/upload/media/product/productsearch/datasheet/mlcc/UPY-GPHC_X5R_4V-to-50V_30.pdf;;
CC0805KFX5R5BB475;0805_220_145_145_075_070.STEP;;General Purpose;CC X5R;General purpose X5R;0805 (2012);X5R;-55 to +85°C;6.3;4.7 uF;±10%;2.00 ±0.20;1.25 ±0.20;1.25 ±0.20;0.25~0.75;0.7;;;;10.00%;106 MΩ;150%;IEC-60384;Reflow;No;1kHz, 0.5 Vrms;Embossed Plastic Tape Reel 13 inch;10,000;0.01720 g;Ni-Sn;https://www.yageo.com/en/Chart/Download/pdf/CC0805KFX5R5BB475;https://www.yageo.com/upload/media/product/productsearch/datasheet/mlcc/UPY-GPHC_X5R_4V-to-50V_30.pdf;;
CC0805KFX5R6BB106;0805_220_145_145_075_070.STEP;;General Purpose;CC X5R;General purpose X5R;0805 (2012);X5R;-55 to +85°C;10.0;10 uF;±10%;2.00 ±0.20;1.25 ±0.20;1.25 ±0.20;0.25~0.75;0.7;;;;10.00%;10 MΩ;150%;IEC-60384;Reflow;No;1 KHz, 1 Vrms;Embossed Plastic Tape Reel 13 inch;10,000;0.01720 g;Ni-Sn;https://www.yageo.com/en/Chart/Download/pdf/CC0805KFX5R6BB106;https://www.yageo.com/upload/media/product/productsearch/datasheet/mlcc/UPY-GPHC_X5R_4V-to-50V_30.pdf;;
CC0805KFX5R6BB225;0805_220_145_145_075_070.STEP;;General Purpose;CC X5R;General purpose X5R;0805 (2012);X5R;-55 to +85°C;10.0;2.2 uF;±10%;2.00 ±0.20;1.25 ±0.20;1.25 ±0.20;0.25~0.75;0.7;;;;10.00%;227 MΩ;200%;IEC-60384;Reflow;No;1 KHz, 1 Vrms;Embossed Plastic Tape Reel 13 inch;10,000;0.01720 g;Ni-Sn;https://www.yageo.com/en/Chart/Download/pdf/CC0805KFX5R6BB225;https://www.yageo.com/upload/media/product/productsearch/datasheet/mlcc/UPY-GPHC_X5R_4V-to-50V_30.pdf;;
CC0805KFX5R6BB475;0805_220_145_145_075_070.STEP;;General Purpose;CC X5R;General purpose X5R;0805 (2012);X5R;-55 to +85°C;10.0;4.7 uF;±10%;2.00 ±0.20;1.25 ±0.20;1.25 ±0.20;0.25~0.75;0.7;;;;10.00%;21.2 MΩ;150%;IEC-60384;Reflow;No;1 KHz, 1 Vrms;Embossed Plastic Tape Reel 13 inch;10,000;0.01720 g;Ni-Sn;https://www.yageo.com/en/Chart/Download/pdf/CC0805KFX5R6BB475;https://www.yageo.com/upload/media/product/productsearch/datasheet/mlcc/UPY-GPHC_X5R_4V-to-50V_30.pdf;;
CC0805KFX5R7BB106;0805_220_145_145_075_070.STEP;;General Purpose;CC X5R;General purpose X5R;0805 (2012);X5R;-55 to +85°C;16.0;10 uF;±10%;2.00 ±0.20;1.25 ±0.20;1.25 ±0.20;0.25~0.75;0.7;;;;10.00%;10 MΩ;150%;IEC-60384;Reflow;No;1 KHz, 1 Vrms;Embossed Plastic Tape Reel 13 inch;10,000;0.01720 g;Ni-Sn;https://www.yageo.com/en/Chart/Download/pdf/CC0805KFX5R7BB106;https://www.yageo.com/upload/media/product/productsearch/datasheet/mlcc/UPY-GPHC_X5R_4V-to-50V_30.pdf;;
CC0805KFX5R7BB225;0805_220_145_145_075_070.STEP;;General Purpose;CC X5R;General purpose X5R;0805 (2012);X5R;-55 to +85°C;16.0;2.2 uF;±10%;2.00 ±0.20;1.25 ±0.20;1.25 ±0.20;0.25~0.75;0.7;;;;7.00%;227 MΩ;200%;IEC-60384;Reflow;No;1 KHz, 1 Vrms;Embossed Plastic Tape Reel 13 inch;10,000;0.01720 g;Ni-Sn;https://www.yageo.com/en/Chart/Download/pdf/CC0805KFX5R7BB225;https://www.yageo.com/upload/media/product/productsearch/datasheet/mlcc/UPY-GPHC_X5R_4V-to-50V_30.pdf;;
CC0805KFX5R7BB475;0805_220_145_145_075_070.STEP;;General Purpose;CC X5R;General purpose X5R;0805 (2012);X5R;-55 to +85°C;16.0;4.7 uF;±10%;2.00 ±0.20;1.25 ±0.20;1.25 ±0.20;0.25~0.75;0.7;;;;10.00%;21.2 MΩ;150%;IEC-60384;Reflow;No;1 KHz, 1 Vrms;Embossed Plastic Tape Reel 13 inch;10,000;0.01720 g;Ni-Sn;https://www.yageo.com/en/Chart/Download/pdf/CC0805KFX5R7BB475;https://www.yageo.com/upload/media/product/productsearch/datasheet/mlcc/UPY-GPHC_X5R_4V-to-50V_30.pdf;;
CC0805KFX5R8BB105;0805_220_145_145_075_070.STEP;;General Purpose;CC X5R;General purpose X5R;0805 (2012);X5R;-55 to +85°C;25.0;1 uF;±10%;2.00 ±0.20;1.25 ±0.20;1.25 ±0.20;0.25~0.75;0.7;;;;3.50%;500 MΩ;200%;IEC-60384;Reflow/Wave;No;1 KHz, 1 Vrms;Embossed Plastic Tape Reel 13 inch;10,000;0.01720 g;Ni-Sn;https://www.yageo.com/en/Chart/Download/pdf/CC0805KFX5R8BB105;https://www.yageo.com/upload/media/product/productsearch/datasheet/mlcc/UPY-GPHC_X5R_4V-to-50V_30.pdf;;
CC0805KFX5R8BB106;0805_220_145_145_075_070.STEP;;General Purpose;CC X5R;General purpose X5R;0805 (2012);X5R;-55 to +85°C;25.0;10 uF;±10%;2.00 ±0.20;1.25 ±0.20;1.25 ±0.20;0.25~0.75;0.7;;;;10.00%;10 MΩ;100%;IEC-60384;Reflow;No;1 KHz, 1 Vrms;Embossed Plastic Tape Reel 13 inch;10,000;0.01720 g;Ni-Sn;https://www.yageo.com/en/Chart/Download/pdf/CC0805KFX5R8BB106;https://www.yageo.com/upload/media/product/productsearch/datasheet/mlcc/UPY-GPHC_X5R_4V-to-50V_30.pdf;;
CC0805KFX5R8BB225;0805_220_145_145_075_070.STEP;;General Purpose;CC X5R;General purpose X5R;0805 (2012);X5R;-55 to +85°C;25.0;2.2 uF;±10%;2.00 ±0.20;1.25 ±0.20;1.25 ±0.20;0.25~0.75;0.7;;;;5.00%;227 MΩ;200%;IEC-60384;Reflow;No;1 KHz, 1 Vrms;Embossed Plastic Tape Reel 13 inch;10,000;0.01720 g;Ni-Sn;https://www.yageo.com/en/Chart/Download/pdf/CC0805KFX5R8BB225;https://www.yageo.com/upload/media/product/productsearch/datasheet/mlcc/UPY-GPHC_X5R_4V-to-50V_30.pdf;;
CC0805KFX5R8BB475;0805_220_145_145_075_070.STEP;;General Purpose;CC X5R;General purpose X5R;0805 (2012);X5R;-55 to +85°C;25.0;4.7 uF;±10%;2.00 ±0.20;1.25 ±0.20;1.25 ±0.20;0.25~0.75;0.7;;;;10.00%;21.2 MΩ;150%;IEC-60384;Reflow;No;1 KHz, 1 Vrms;Embossed Plastic Tape Reel 13 inch;10,000;0.01720 g;Ni-Sn;https://www.yageo.com/en/Chart/Download/pdf/CC0805KFX5R8BB475;https://www.yageo.com/upload/media/product/productsearch/datasheet/mlcc/UPY-GPHC_X5R_4V-to-50V_30.pdf;;
CC0805KFX5R9BB105;0805_220_145_145_075_070.STEP;;General Purpose;CC X5R;General purpose X5R;0805 (2012);X5R;-55 to +85°C;50.0;1 uF;±10%;2.00 ±0.20;1.25 ±0.20;1.25 ±0.20;0.25~0.75;0.7;;;;10.00%;500 MΩ;200%;IEC-60384;Reflow/Wave;No;1 KHz, 1 Vrms;Embossed Plastic Tape Reel 13 inch;10,000;0.01720 g;Ni-Sn;https://www.yageo.com/en/Chart/Download/pdf/CC0805KFX5R9BB105;https://www.yageo.com/upload/media/product/productsearch/datasheet/mlcc/UPY-GPHC_X5R_4V-to-50V_30.pdf;;
CC0805KKX5R5BB105;0805_220_145_145_075_070.STEP;;General Purpose;CC X5R;General purpose X5R;0805 (2012);X5R;-55 to +85°C;6.3;1 uF;±10%;2.00 ±0.20;1.25 ±0.20;1.25 ±0.20;0.25~0.75;0.7;;;;10.00%;500 MΩ;200%;IEC-60384;Reflow/Wave;No;1 KHz, 1 Vrms;Embossed Plastic Tape Reel 7 inch;3,000;0.01720 g;Ni-Sn;https://www.yageo.com/en/Chart/Download/pdf/CC0805KKX5R5BB105;https://www.yageo.com/upload/media/product/productsearch/datasheet/mlcc/UPY-GPHC_X5R_4V-to-50V_30.pdf;;
CC0805KKX5R5BB106;0805_220_145_145_075_070.STEP;;General Purpose;CC X5R;General purpose X5R;0805 (2012);X5R;-55 to +85°C;6.3;10 uF;±10%;2.00 ±0.20;1.25 ±0.20;1.25 ±0.20;0.25~0.75;0.7;;;;10.00%;10 MΩ;150%;IEC-60384;Reflow;No;1kHz, 0.5 Vrms;Embossed Plastic Tape Reel 7 inch;3,000;0.01720 g;Ni-Sn;https://www.yageo.com/en/Chart/Download/pdf/CC0805KKX5R5BB106;https://www.yageo.com/upload/media/product/productsearch/datasheet/mlcc/UPY-GPHC_X5R_4V-to-50V_30.pdf;;
CC0805KKX5R5BB225;0805_220_145_145_075_070.STEP;;General Purpose;CC X5R;General purpose X5R;0805 (2012);X5R;-55 to +85°C;6.3;2.2 uF;±10%;2.00 ±0.20;1.25 ±0.20;1.25 ±0.20;0.25~0.75;0.7;;;;10.00%;227 MΩ;200%;IEC-60384;Reflow;No;1kHz, 0.5 Vrms;Embossed Plastic Tape Reel 7 inch;3,000;0.01720 g;Ni-Sn;https://www.yageo.com/en/Chart/Download/pdf/CC0805KKX5R5BB225;https://www.yageo.com/upload/media/product/productsearch/datasheet/mlcc/UPY-GPHC_X5R_4V-to-50V_30.pdf;;
CC0805KKX5R5BB226;0805_220_145_145_075_070.STEP;;General Purpose;CC X5R;General purpose X5R;0805 (2012);X5R;-55 to +85°C;6.3;22 uF;±10%;2.00 ±0.20;1.25 ±0.20;1.25 ±0.20;0.25~0.75;0.7;;;;10.00%;2.27 MΩ;150%;IEC-60384;Reflow;No;0.5 Vrms, 120 Hz;Embossed Plastic Tape Reel 7 inch;3,000;0.01720 g;Ni-Sn;https://www.yageo.com/en/Chart/Download/pdf/CC0805KKX5R5BB226;https://www.yageo.com/upload/media/product/productsearch/datasheet/mlcc/UPY-GPHC_X5R_4V-to-50V_30.pdf;;
CC0805KKX5R5BB475;0805_220_145_145_075_070.STEP;;General Purpose;CC X5R;General purpose X5R;0805 (2012);X5R;-55 to +85°C;6.3;4.7 uF;±10%;2.00 ±0.20;1.25 ±0.20;1.25 ±0.20;0.25~0.75;0.7;;;;10.00%;106 MΩ;150%;IEC-60384;Reflow;No;1kHz, 0.5 Vrms;Embossed Plastic Tape Reel 7 inch;3,000;0.01720 g;Ni-Sn;https://www.yageo.com/en/Chart/Download/pdf/CC0805KKX5R5BB475;https://www.yageo.com/upload/media/product/productsearch/datasheet/mlcc/UPY-GPHC_X5R_4V-to-50V_30.pdf;;
CC0805KKX5R6BB105;0805_220_145_145_075_070.STEP;;General Purpose;CC X5R;General purpose X5R;0805 (2012);X5R;-55 to +85°C;10.0;1 uF;±10%;2.00 ±0.20;1.25 ±0.20;1.25 ±0.20;0.25~0.75;0.7;;;;7.00%;500 MΩ;200%;IEC-60384;Reflow/Wave;No;1 KHz, 1 Vrms;Embossed Plastic Tape Reel 7 inch;3,000;0.01720 g;Ni-Sn;https://www.yageo.com/en/Chart/Download/pdf/CC0805KKX5R6BB105;https://www.yageo.com/upload/media/product/productsearch/datasheet/mlcc/UPY-GPHC_X5R_4V-to-50V_30.pdf;;
CC0805KKX5R6BB106;0805_220_145_145_075_070.STEP;;General Purpose;CC X5R;General purpose X5R;0805 (2012);X5R;-55 to +85°C;10.0;10 uF;±10%;2.00 ±0.20;1.25 ±0.20;1.25 ±0.20;0.25~0.75;0.7;;;;10.00%;10 MΩ;150%;IEC-60384;Reflow;No;1 KHz, 1 Vrms;Embossed Plastic Tape Reel 7 inch;3,000;0.01720 g;Ni-Sn;https://www.yageo.com/en/Chart/Download/pdf/CC0805KKX5R6BB106;https://www.yageo.com/upload/media/product/productsearch/datasheet/mlcc/UPY-GPHC_X5R_4V-to-50V_30.pdf;;
CC0805KKX5R6BB225;0805_220_145_145_075_070.STEP;;General Purpose;CC X5R;General purpose X5R;0805 (2012);X5R;-55 to +85°C;10.0;2.2 uF;±10%;2.00 ±0.20;1.25 ±0.20;1.25 ±0.20;0.25~0.75;0.7;;;;10.00%;227 MΩ;200%;IEC-60384;Reflow;No;1 KHz, 1 Vrms;Embossed Plastic Tape Reel 7 inch;3,000;0.01720 g;Ni-Sn;https://www.yageo.com/en/Chart/Download/pdf/CC0805KKX5R6BB225;https://www.yageo.com/upload/media/product/productsearch/datasheet/mlcc/UPY-GPHC_X5R_4V-to-50V_30.pdf;;
CC0805KKX5R6BB475;0805_220_145_145_075_070.STEP;;General Purpose;CC X5R;General purpose X5R;0805 (2012);X5R;-55 to +85°C;10.0;4.7 uF;±10%;2.00 ±0.20;1.25 ±0.20;1.25 ±0.20;0.25~0.75;0.7;;;;10.00%;21.2 MΩ;150%;IEC-60384;Reflow;No;1 KHz, 1 Vrms;Embossed Plastic Tape Reel 7 inch;3,000;0.01720 g;Ni-Sn;https://www.yageo.com/en/Chart/Download/pdf/CC0805KKX5R6BB475;https://www.yageo.com/upload/media/product/productsearch/datasheet/mlcc/UPY-GPHC_X5R_4V-to-50V_30.pdf;;
CC0805KKX5R7BB105;0805_220_145_145_075_070.STEP;;General Purpose;CC X5R;General purpose X5R;0805 (2012);X5R;-55 to +85°C;16.0;1 uF;±10%;2.00 ±0.20;1.25 ±0.20;1.25 ±0.20;0.25~0.75;0.7;;;;7.00%;500 MΩ;200%;IEC-60384;Reflow/Wave;No;1 KHz, 1 Vrms;Embossed Plastic Tape Reel 7 inch;3,000;0.01720 g;Ni-Sn;https://www.yageo.com/en/Chart/Download/pdf/CC0805KKX5R7BB105;https://www.yageo.com/upload/media/product/productsearch/datasheet/mlcc/UPY-GPHC_X5R_4V-to-50V_30.pdf;;
CC0805KKX5R7BB106;0805_220_145_145_075_070.STEP;;General Purpose;CC X5R;General purpose X5R;0805 (2012);X5R;-55 to +85°C;16.0;10 uF;±10%;2.00 ±0.20;1.25 ±0.20;1.25 ±0.20;0.25~0.75;0.7;;;;10.00%;10 MΩ;150%;IEC-60384;Reflow;No;1 KHz, 1 Vrms;Embossed Plastic Tape Reel 7 inch;3,000;0.01720 g;Ni-Sn;https://www.yageo.com/en/Chart/Download/pdf/CC0805KKX5R7BB106;https://www.yageo.com/upload/media/product/productsearch/datasheet/mlcc/UPY-GPHC_X5R_4V-to-50V_30.pdf;;
CC0805KKX5R7BB225;0805_220_145_145_075_070.STEP;;General Purpose;CC X5R;General purpose X5R;0805 (2012);X5R;-55 to +85°C;16.0;2.2 uF;±10%;2.00 ±0.20;1.25 ±0.20;1.25 ±0.20;0.25~0.75;0.7;;;;7.00%;227 MΩ;200%;IEC-60384;Reflow;No;1 KHz, 1 Vrms;Embossed Plastic Tape Reel 7 inch;3,000;0.01720 g;Ni-Sn;https://www.yageo.com/en/Chart/Download/pdf/CC0805KKX5R7BB225;https://www.yageo.com/upload/media/product/productsearch/datasheet/mlcc/UPY-GPHC_X5R_4V-to-50V_30.pdf;;
CC0805KKX5R7BB475;0805_220_145_145_075_070.STEP;;General Purpose;CC X5R;General purpose X5R;0805 (2012);X5R;-55 to +85°C;16.0;4.7 uF;±10%;2.00 ±0.20;1.25 ±0.20;1.25 ±0.20;0.25~0.75;0.7;;;;10.00%;21.2 MΩ;150%;IEC-60384;Reflow;No;1 KHz, 1 Vrms;Embossed Plastic Tape Reel 7 inch;3,000;0.01720 g;Ni-Sn;https://www.yageo.com/en/Chart/Download/pdf/CC0805KKX5R7BB475;https://www.yageo.com/upload/media/product/productsearch/datasheet/mlcc/UPY-GPHC_X5R_4V-to-50V_30.pdf;;
CC0805KKX5R8BB105;0805_220_145_145_075_070.STEP;;General Purpose;CC X5R;General purpose X5R;0805 (2012);X5R;-55 to +85°C;25.0;1 uF;±10%;2.00 ±0.20;1.25 ±0.20;1.25 ±0.20;0.25~0.75;0.7;;;;3.50%;500 MΩ;200%;IEC-60384;Reflow/Wave;No;1 KHz, 1 Vrms;Embossed Plastic Tape Reel 7 inch;3,000;0.01720 g;Ni-Sn;https://www.yageo.com/en/Chart/Download/pdf/CC0805KKX5R8BB105;https://www.yageo.com/upload/media/product/productsearch/datasheet/mlcc/UPY-GPHC_X5R_4V-to-50V_30.pdf;;
CC0805KKX5R8BB106;0805_220_145_145_075_070.STEP;;General Purpose;CC X5R;General purpose X5R;0805 (2012);X5R;-55 to +85°C;25.0;10 uF;±10%;2.00 ±0.20;1.25 ±0.20;1.25 ±0.20;0.25~0.75;0.7;;;;10.00%;10 MΩ;100%;IEC-60384;Reflow;No;1 KHz, 1 Vrms;Embossed Plastic Tape Reel 7 inch;3,000;0.01720 g;Ni-Sn;https://www.yageo.com/en/Chart/Download/pdf/CC0805KKX5R8BB106;https://www.yageo.com/upload/media/product/productsearch/datasheet/mlcc/UPY-GPHC_X5R_4V-to-50V_30.pdf;;
CC0805KKX5R8BB225;0805_220_145_145_075_070.STEP;;General Purpose;CC X5R;General purpose X5R;0805 (2012);X5R;-55 to +85°C;25.0;2.2 uF;±10%;2.00 ±0.20;1.25 ±0.20;1.25 ±0.20;0.25~0.75;0.7;;;;5.00%;227 MΩ;200%;IEC-60384;Reflow;No;1 KHz, 1 Vrms;Embossed Plastic Tape Reel 7 inch;3,000;0.01720 g;Ni-Sn;https://www.yageo.com/en/Chart/Download/pdf/CC0805KKX5R8BB225;https://www.yageo.com/upload/media/product/productsearch/datasheet/mlcc/UPY-GPHC_X5R_4V-to-50V_30.pdf;;
CC0805KKX5R8BB475;0805_220_145_145_075_070.STEP;;General Purpose;CC X5R;General purpose X5R;0805 (2012);X5R;-55 to +85°C;25.0;4.7 uF;±10%;2.00 ±0.20;1.25 ±0.20;1.25 ±0.20;0.25~0.75;0.7;;;;10.00%;21.2 MΩ;150%;IEC-60384;Reflow;No;1 KHz, 1 Vrms;Embossed Plastic Tape Reel 7 inch;3,000;0.01720 g;Ni-Sn;https://www.yageo.com/en/Chart/Download/pdf/CC0805KKX5R8BB475;https://www.yageo.com/upload/media/product/productsearch/datasheet/mlcc/UPY-GPHC_X5R_4V-to-50V_30.pdf;;
CC0805KKX5R9BB105;0805_220_145_145_075_070.STEP;;General Purpose;CC X5R;General purpose X5R;0805 (2012);X5R;-55 to +85°C;50.0;1 uF;±10%;2.00 ±0.20;1.25 ±0.20;1.25 ±0.20;0.25~0.75;0.7;;;;10.00%;500 MΩ;200%;IEC-60384;Reflow/Wave;No;1 KHz, 1 Vrms;Embossed Plastic Tape Reel 7 inch;3,000;0.01720 g;Ni-Sn;https://www.yageo.com/en/Chart/Download/pdf/CC0805KKX5R9BB105;https://www.yageo.com/upload/media/product/productsearch/datasheet/mlcc/UPY-GPHC_X5R_4V-to-50V_30.pdf;;
CC0805KKX5R9BB106;0805_220_145_145_075_070.STEP;NRND;General Purpose;CC X5R;General purpose X5R;0805 (2012);X5R;-55 to +85°C;50.0;10 uF;±10%;2.00 ±0.20;1.25 ±0.20;1.25 ±0.20;0.25~0.75;0.7;;;;15.00%;10 MΩ;100%;IEC-60384;Reflow;No;1 KHz, 1 Vrms;Embossed Plastic Tape Reel 7 inch;3,000;0.01720 g;Ni-Sn;https://www.yageo.com/en/Chart/Download/pdf/CC0805KKX5R9BB106;https://www.yageo.com/upload/media/product/productsearch/datasheet/mlcc/UPY-GPHC_X5R_4V-to-50V_30.pdf;;
CC0805KKX5R9BB224;0805_220_145_145_075_070.STEP;;General Purpose;CC X5R;General purpose X5R;0805 (2012);X5R;-55 to +85°C;50.0;220 nF;±10%;2.00 ±0.20;1.25 ±0.20;1.25 ±0.20;0.25~0.75;0.7;;;;3.50%;2.27 GΩ;200%;IEC-60384;Reflow/Wave;No;1 KHz, 1 Vrms;Embossed Plastic Tape Reel 7 inch;3,000;0.01720 g;Ni-Sn;https://www.yageo.com/en/Chart/Download/pdf/CC0805KKX5R9BB224;https://www.yageo.com/upload/media/product/productsearch/datasheet/mlcc/UPY-GPHC_X5R_4V-to-50V_30.pdf;;
CC0805KKX5R9BB225;0805_220_145_145_075_070.STEP;;General Purpose;CC X5R;General purpose X5R;0805 (2012);X5R;-55 to +85°C;50.0;2.2 uF;±10%;2.00 ±0.20;1.25 ±0.20;1.25 ±0.20;0.25~0.75;0.7;;;;10.00%;227 MΩ;200%;IEC-60384;Reflow;No;1 KHz, 1 Vrms;Embossed Plastic Tape Reel 7 inch;3,000;0.01720 g;Ni-Sn;https://www.yageo.com/en/Chart/Download/pdf/CC0805KKX5R9BB225;https://www.yageo.com/upload/media/product/productsearch/datasheet/mlcc/UPY-GPHC_X5R_4V-to-50V_30.pdf;;
CC0805KKX5R9BB474;0805_220_145_145_075_070.STEP;;General Purpose;CC X5R;General purpose X5R;0805 (2012);X5R;-55 to +85°C;50.0;470 nF;±10%;2.00 ±0.20;1.25 ±0.20;1.25 ±0.20;0.25~0.75;0.7;;;;10.00%;1.06 GΩ;200%;IEC-60384;Reflow/Wave;No;1 KHz, 1 Vrms;Embossed Plastic Tape Reel 7 inch;3,000;0.01720 g;Ni-Sn;https://www.yageo.com/en/Chart/Download/pdf/CC0805KKX5R9BB474;https://www.yageo.com/upload/media/product/productsearch/datasheet/mlcc/UPY-GPHC_X5R_4V-to-50V_30.pdf;;
CC0805KKX5R9BB475;0805_220_145_145_075_070.STEP;;General Purpose;CC X5R;General purpose X5R;0805 (2012);X5R;-55 to +85°C;50.0;4.7 uF;±10%;2.00 ±0.20;1.25 ±0.20;1.25 ±0.20;0.25~0.75;0.7;;;;10.00%;21.2 MΩ;150%;IEC-60384;Reflow;No;1 KHz, 1 Vrms;Embossed Plastic Tape Reel 7 inch;3,000;0.01720 g;Ni-Sn;https://www.yageo.com/en/Chart/Download/pdf/CC0805KKX5R9BB475;https://www.yageo.com/upload/media/product/productsearch/datasheet/mlcc/UPY-GPHC_X5R_4V-to-50V_30.pdf;;
CC0805KPX5R5BB106;0805_220_145_095_075_070.STEP;;General Purpose;CC X5R;General purpose X5R;0805 (2012);X5R;-55 to +85°C;6.3;10 uF;±10%;2.00 ±0.20;1.25 ±0.20;0.85 ±0.10;0.25~0.75;0.7;;;;10.00%;10 MΩ;150%;IEC-60384;Reflow;No;1kHz, 0.5 Vrms;Paper/PE Tape Reel 13 inch;15,000;0.01720 g;Ni-Sn;https://www.yageo.com/en/Chart/Download/pdf/CC0805KPX5R5BB106;https://www.yageo.com/upload/media/product/productsearch/datasheet/mlcc/UPY-GPHC_X5R_4V-to-50V_30.pdf;;
CC0805KRX5R5BB106;0805_220_145_095_075_070.STEP;;General Purpose;CC X5R;General purpose X5R;0805 (2012);X5R;-55 to +85°C;6.3;10 uF;±10%;2.00 ±0.20;1.25 ±0.20;0.85 ±0.10;0.25~0.75;0.7;;;;10.00%;10 MΩ;150%;IEC-60384;Reflow;No;1kHz, 0.5 Vrms;Paper/PE Tape Reel 7 inch;4,000;0.01720 g;Ni-Sn;https://www.yageo.com/en/Chart/Download/pdf/CC0805KRX5R5BB106;https://www.yageo.com/upload/media/product/productsearch/datasheet/mlcc/UPY-GPHC_X5R_4V-to-50V_30.pdf;;
CC0805KRX5R5BB225;0805_220_145_095_075_070.STEP;;General Purpose;CC X5R;General purpose X5R;0805 (2012);X5R;-55 to +85°C;6.3;2.2 uF;±10%;2.00 ±0.20;1.25 ±0.20;0.85 ±0.10;0.25~0.75;0.7;;;;10.00%;227 MΩ;200%;IEC-60384;Reflow;No;1kHz, 0.5 Vrms;Paper/PE Tape Reel 7 inch;4,000;0.01720 g;Ni-Sn;https://www.yageo.com/en/Chart/Download/pdf/CC0805KRX5R5BB225;https://www.yageo.com/upload/media/product/productsearch/datasheet/mlcc/UPY-GPHC_X5R_4V-to-50V_30.pdf;;
CC0805KRX5R6BB105;0805_220_145_095_075_070.STEP;;General Purpose;CC X5R;General purpose X5R;0805 (2012);X5R;-55 to +85°C;10.0;1 uF;±10%;2.00 ±0.20;1.25 ±0.20;0.85 ±0.10;0.25~0.75;0.7;;;;7.00%;500 MΩ;200%;IEC-60384;Reflow/Wave;No;1 KHz, 1 Vrms;Paper/PE Tape Reel 7 inch;4,000;0.01720 g;Ni-Sn;https://www.yageo.com/en/Chart/Download/pdf/CC0805KRX5R6BB105;https://www.yageo.com/upload/media/product/productsearch/datasheet/mlcc/UPY-GPHC_X5R_4V-to-50V_30.pdf;;
CC0805KRX5R6BB106;0805_220_145_095_075_070.STEP;;General Purpose;CC X5R;General purpose X5R;0805 (2012);X5R;-55 to +85°C;10.0;10 uF;±10%;2.00 ±0.20;1.25 ±0.20;0.85 ±0.10;0.25~0.75;0.7;;;;10.00%;10 MΩ;150%;IEC-60384;Reflow;No;1 KHz, 1 Vrms;Paper/PE Tape Reel 7 inch;4,000;0.01720 g;Ni-Sn;https://www.yageo.com/en/Chart/Download/pdf/CC0805KRX5R6BB106;https://www.yageo.com/upload/media/product/productsearch/datasheet/mlcc/UPY-GPHC_X5R_4V-to-50V_30.pdf;;
CC0805KRX5R6BB225;0805_220_145_095_075_070.STEP;;General Purpose;CC X5R;General purpose X5R;0805 (2012);X5R;-55 to +85°C;10.0;2.2 uF;±10%;2.00 ±0.20;1.25 ±0.20;0.85 ±0.10;0.25~0.75;0.7;;;;10.00%;227 MΩ;200%;IEC-60384;Reflow;No;1 KHz, 1 Vrms;Paper/PE Tape Reel 7 inch;4,000;0.01720 g;Ni-Sn;https://www.yageo.com/en/Chart/Download/pdf/CC0805KRX5R6BB225;https://www.yageo.com/upload/media/product/productsearch/datasheet/mlcc/UPY-GPHC_X5R_4V-to-50V_30.pdf;;
CC0805KRX5R7BB105;0805_220_145_095_075_070.STEP;;General Purpose;CC X5R;General purpose X5R;0805 (2012);X5R;-55 to +85°C;16.0;1 uF;±10%;2.00 ±0.20;1.25 ±0.20;0.85 ±0.10;0.25~0.75;0.7;;;;7.00%;500 MΩ;200%;IEC-60384;Reflow/Wave;No;1 KHz, 1 Vrms;Paper/PE Tape Reel 7 inch;4,000;0.01720 g;Ni-Sn;https://www.yageo.com/en/Chart/Download/pdf/CC0805KRX5R7BB105;https://www.yageo.com/upload/media/product/productsearch/datasheet/mlcc/UPY-GPHC_X5R_4V-to-50V_30.pdf;;
CC0805KRX5R7BB106;0805_220_145_095_075_070.STEP;;General Purpose;CC X5R;General purpose X5R;0805 (2012);X5R;-55 to +85°C;16.0;10 uF;±10%;2.00 ±0.20;1.25 ±0.20;0.85 ±0.10;0.25~0.75;0.7;;;;10.00%;10 MΩ;150%;IEC-60384;Reflow;No;1 KHz, 1 Vrms;Paper/PE Tape Reel 7 inch;4,000;0.01720 g;Ni-Sn;https://www.yageo.com/en/Chart/Download/pdf/CC0805KRX5R7BB106;https://www.yageo.com/upload/media/product/productsearch/datasheet/mlcc/UPY-GPHC_X5R_4V-to-50V_30.pdf;;
CC0805KRX5R7BB225;0805_220_145_095_075_070.STEP;;General Purpose;CC X5R;General purpose X5R;0805 (2012);X5R;-55 to +85°C;16.0;2.2 uF;±10%;2.00 ±0.20;1.25 ±0.20;0.85 ±0.10;0.25~0.75;0.7;;;;7.00%;227 MΩ;200%;IEC-60384;Reflow;No;1 KHz, 1 Vrms;Paper/PE Tape Reel 7 inch;4,000;0.01720 g;Ni-Sn;https://www.yageo.com/en/Chart/Download/pdf/CC0805KRX5R7BB225;https://www.yageo.com/upload/media/product/productsearch/datasheet/mlcc/UPY-GPHC_X5R_4V-to-50V_30.pdf;;
CC0805KRX5R9BB104;0805_220_145_095_075_070.STEP;;General Purpose;CC X5R;General purpose X5R;0805 (2012);X5R;-55 to +85°C;50.0;100 nF;±10%;2.00 ±0.20;1.25 ±0.20;0.85 ±0.10;0.25~0.75;0.7;;;;3.50%;5.0 GΩ;200%;IEC-60384;Reflow/Wave;No;1 KHz, 1 Vrms;Paper/PE Tape Reel 7 inch;4,000;0.01720 g;Ni-Sn;https://www.yageo.com/en/Chart/Download/pdf/CC0805KRX5R9BB104;https://www.yageo.com/upload/media/product/productsearch/datasheet/mlcc/UPY-GPHC_X5R_4V-to-50V_30.pdf;;
CC0805MFX5R5BB106;0805_220_145_145_075_070.STEP;;General Purpose;CC X5R;General purpose X5R;0805 (2012);X5R;-55 to +85°C;6.3;10 uF;±20%;2.00 ±0.20;1.25 ±0.20;1.25 ±0.20;0.25~0.75;0.7;;;;10.00%;10 MΩ;150%;IEC-60384;Reflow;No;1kHz, 0.5 Vrms;Embossed Plastic Tape Reel 13 inch;10,000;0.01720 g;Ni-Sn;https://www.yageo.com/en/Chart/Download/pdf/CC0805MFX5R5BB106;https://www.yageo.com/upload/media/product/productsearch/datasheet/mlcc/UPY-GPHC_X5R_4V-to-50V_30.pdf;;
CC0805MFX5R5BB226;0805_220_145_145_075_070.STEP;;General Purpose;CC X5R;General purpose X5R;0805 (2012);X5R;-55 to +85°C;6.3;22 uF;±20%;2.00 ±0.20;1.25 ±0.20;1.25 ±0.20;0.25~0.75;0.7;;;;10.00%;2.27 MΩ;150%;IEC-60384;Reflow;No;0.5 Vrms, 120 Hz;Embossed Plastic Tape Reel 13 inch;10,000;0.01720 g;Ni-Sn;https://www.yageo.com/en/Chart/Download/pdf/CC0805MFX5R5BB226;https://www.yageo.com/upload/media/product/productsearch/datasheet/mlcc/UPY-GPHC_X5R_4V-to-50V_30.pdf;;
CC0805MFX5R5BB476;0805_220_145_145_075_070.STEP;;General Purpose;CC X5R;General purpose X5R;0805 (2012);X5R;-55 to +85°C;6.3;47 uF;±20%;2.00 ±0.20;1.25 ±0.20;1.25 ±0.20;0.25~0.75;0.7;;;;10.00%;1.06 MΩ;100%;IEC-60384;Reflow;No;0.5 Vrms, 120 Hz;Embossed Plastic Tape Reel 13 inch;10,000;0.01720 g;Ni-Sn;https://www.yageo.com/en/Chart/Download/pdf/CC0805MFX5R5BB476;https://www.yageo.com/upload/media/product/productsearch/datasheet/mlcc/UPY-GPHC_X5R_4V-to-50V_30.pdf;;
CC0805MFX5R6BB226;0805_220_145_145_075_070.STEP;;General Purpose;CC X5R;General purpose X5R;0805 (2012);X5R;-55 to +85°C;10.0;22 uF;±20%;2.00 ±0.20;1.25 ±0.20;1.25 ±0.20;0.25~0.75;0.7;;;;10.00%;4.54 MΩ;100%;IEC-60384;Reflow;No;0.5 Vrms, 120 Hz;Embossed Plastic Tape Reel 13 inch;10,000;0.01720 g;Ni-Sn;https://www.yageo.com/en/Chart/Download/pdf/CC0805MFX5R6BB226;https://www.yageo.com/upload/media/product/productsearch/datasheet/mlcc/UPY-GPHC_X5R_4V-to-50V_30.pdf;;
CC0805MFX5R6BB475;0805_220_145_145_075_070.STEP;;General Purpose;CC X5R;General purpose X5R;0805 (2012);X5R;-55 to +85°C;10.0;4.7 uF;±20%;2.00 ±0.20;1.25 ±0.20;1.25 ±0.20;0.25~0.75;0.7;;;;10.00%;21.2 MΩ;150%;IEC-60384;Reflow;No;1 KHz, 1 Vrms;Embossed Plastic Tape Reel 13 inch;10,000;0.01720 g;Ni-Sn;https://www.yageo.com/en/Chart/Download/pdf/CC0805MFX5R6BB475;https://www.yageo.com/upload/media/product/productsearch/datasheet/mlcc/UPY-GPHC_X5R_4V-to-50V_30.pdf;;
CC0805MFX5R7BB106;0805_220_145_145_075_070.STEP;;General Purpose;CC X5R;General purpose X5R;0805 (2012);X5R;-55 to +85°C;16.0;10 uF;±20%;2.00 ±0.20;1.25 ±0.20;1.25 ±0.20;0.25~0.75;0.7;;;;10.00%;10 MΩ;150%;IEC-60384;Reflow;No;1 KHz, 1 Vrms;Embossed Plastic Tape Reel 13 inch;10,000;0.01720 g;Ni-Sn;https://www.yageo.com/en/Chart/Download/pdf/CC0805MFX5R7BB106;https://www.yageo.com/upload/media/product/productsearch/datasheet/mlcc/UPY-GPHC_X5R_4V-to-50V_30.pdf;;
CC0805MFX5R7BB226;0805_220_145_145_075_070.STEP;;General Purpose;CC X5R;General purpose X5R;0805 (2012);X5R;-55 to +85°C;16.0;22 uF;±20%;2.00 ±0.20;1.25 ±0.20;1.25 ±0.20;0.25~0.75;0.7;;;;10.00%;4.54 MΩ;100%;IEC-60384;Reflow;No;0.5 Vrms, 120 Hz;Embossed Plastic Tape Reel 13 inch;10,000;0.01720 g;Ni-Sn;https://www.yageo.com/en/Chart/Download/pdf/CC0805MFX5R7BB226;https://www.yageo.com/upload/media/product/productsearch/datasheet/mlcc/UPY-GPHC_X5R_4V-to-50V_30.pdf;;
CC0805MFX5R8BB226;0805_220_145_145_075_070.STEP;;General Purpose;CC X5R;General purpose X5R;0805 (2012);X5R;-55 to +85°C;25.0;22 uF;±20%;2.00 ±0.20;1.25 ±0.20;1.25 ±0.20;0.25~0.75;0.7;;;;10.00%;4.54 MΩ;100%;IEC-60384;Reflow;No;0.5 Vrms, 120 Hz;Embossed Plastic Tape Reel 13 inch;10,000;0.01720 g;Ni-Sn;https://www.yageo.com/en/Chart/Download/pdf/CC0805MFX5R8BB226;https://www.yageo.com/upload/media/product/productsearch/datasheet/mlcc/UPY-GPHC_X5R_4V-to-50V_30.pdf;;
CC0805MKX5R4BB476;0805_220_145_145_075_070.STEP;;General Purpose;CC X5R;General purpose X5R;0805 (2012);X5R;-55 to +85°C;4.0;47 uF;±20%;2.00 ±0.20;1.25 ±0.20;1.25 ±0.20;0.25~0.75;0.7;;;;10.00%;1.06 MΩ;100%;IEC-60384;Reflow;No;0.5 Vrms, 120 Hz;Embossed Plastic Tape Reel 7 inch;3,000;0.01720 g;Ni-Sn;https://www.yageo.com/en/Chart/Download/pdf/CC0805MKX5R4BB476;https://www.yageo.com/upload/media/product/productsearch/datasheet/mlcc/UPY-GPHC_X5R_4V-to-50V_30.pdf;;
CC0805MKX5R5BB106;0805_220_145_145_075_070.STEP;;General Purpose;CC X5R;General purpose X5R;0805 (2012);X5R;-55 to +85°C;6.3;10 uF;±20%;2.00 ±0.20;1.25 ±0.20;1.25 ±0.20;0.25~0.75;0.7;;;;10.00%;10 MΩ;150%;IEC-60384;Reflow;No;1kHz, 0.5 Vrms;Embossed Plastic Tape Reel 7 inch;3,000;0.01720 g;Ni-Sn;https://www.yageo.com/en/Chart/Download/pdf/CC0805MKX5R5BB106;https://www.yageo.com/upload/media/product/productsearch/datasheet/mlcc/UPY-GPHC_X5R_4V-to-50V_30.pdf;;
CC0805MKX5R5BB107;0805_220_145_145_075_070.STEP;NRND;General Purpose;CC X5R;General purpose X5R;0805 (2012);X5R;-55 to +85°C;6.3;100 uF;±20%;2.00 ±0.20;1.25 ±0.20;1.25 ±0.20;0.25~0.75;0.7;;;;15.00%;0.2 MΩ;100%;IEC-60384;Reflow;No;0.5 Vrms, 120 Hz;Embossed Plastic Tape Reel 7 inch;3,000;0.01720 g;Ni-Sn;https://www.yageo.com/en/Chart/Download/pdf/CC0805MKX5R5BB107;https://www.yageo.com/upload/media/product/productsearch/datasheet/mlcc/UPY-GPHC_X5R_4V-to-50V_30.pdf;;
CC0805MKX5R5BB226;0805_220_145_145_075_070.STEP;;General Purpose;CC X5R;General purpose X5R;0805 (2012);X5R;-55 to +85°C;6.3;22 uF;±20%;2.00 ±0.20;1.25 ±0.20;1.25 ±0.20;0.25~0.75;0.7;;;;10.00%;2.27 MΩ;150%;IEC-60384;Reflow;No;0.5 Vrms, 120 Hz;Embossed Plastic Tape Reel 7 inch;3,000;0.01720 g;Ni-Sn;https://www.yageo.com/en/Chart/Download/pdf/CC0805MKX5R5BB226;https://www.yageo.com/upload/media/product/productsearch/datasheet/mlcc/UPY-GPHC_X5R_4V-to-50V_30.pdf;;
CC0805MKX5R5BB475;0805_220_145_145_075_070.STEP;;General Purpose;CC X5R;General purpose X5R;0805 (2012);X5R;-55 to +85°C;6.3;4.7 uF;±20%;2.00 ±0.20;1.25 ±0.20;1.25 ±0.20;0.25~0.75;0.7;;;;10.00%;106 MΩ;150%;IEC-60384;Reflow;No;1kHz, 0.5 Vrms;Embossed Plastic Tape Reel 7 inch;3,000;0.01720 g;Ni-Sn;https://www.yageo.com/en/Chart/Download/pdf/CC0805MKX5R5BB475;https://www.yageo.com/upload/media/product/productsearch/datasheet/mlcc/UPY-GPHC_X5R_4V-to-50V_30.pdf;;
CC0805MKX5R5BB476;0805_220_145_145_075_070.STEP;;General Purpose;CC X5R;General purpose X5R;0805 (2012);X5R;-55 to +85°C;6.3;47 uF;±20%;2.00 ±0.20;1.25 ±0.20;1.25 ±0.20;0.25~0.75;0.7;;;;10.00%;1.06 MΩ;100%;IEC-60384;Reflow;No;0.5 Vrms, 120 Hz;Embossed Plastic Tape Reel 7 inch;3,000;0.01720 g;Ni-Sn;https://www.yageo.com/en/Chart/Download/pdf/CC0805MKX5R5BB476;https://www.yageo.com/upload/media/product/productsearch/datasheet/mlcc/UPY-GPHC_X5R_4V-to-50V_30.pdf;;
CC0805MKX5R6BB106;0805_220_145_145_075_070.STEP;;General Purpose;CC X5R;General purpose X5R;0805 (2012);X5R;-55 to +85°C;10.0;10 uF;±20%;2.00 ±0.20;1.25 ±0.20;1.25 ±0.20;0.25~0.75;0.7;;;;10.00%;10 MΩ;150%;IEC-60384;Reflow;No;1 KHz, 1 Vrms;Embossed Plastic Tape Reel 7 inch;3,000;0.01720 g;Ni-Sn;https://www.yageo.com/en/Chart/Download/pdf/CC0805MKX5R6BB106;https://www.yageo.com/upload/media/product/productsearch/datasheet/mlcc/UPY-GPHC_X5R_4V-to-50V_30.pdf;;
CC0805MKX5R6BB225;0805_220_145_145_075_070.STEP;;General Purpose;CC X5R;General purpose X5R;0805 (2012);X5R;-55 to +85°C;10.0;2.2 uF;±20%;2.00 ±0.20;1.25 ±0.20;1.25 ±0.20;0.25~0.75;0.7;;;;10.00%;227 MΩ;200%;IEC-60384;Reflow;No;1 KHz, 1 Vrms;Embossed Plastic Tape Reel 7 inch;3,000;0.01720 g;Ni-Sn;https://www.yageo.com/en/Chart/Download/pdf/CC0805MKX5R6BB225;https://www.yageo.com/upload/media/product/productsearch/datasheet/mlcc/UPY-GPHC_X5R_4V-to-50V_30.pdf;;
CC0805MKX5R6BB226;0805_220_145_145_075_070.STEP;;General Purpose;CC X5R;General purpose X5R;0805 (2012);X5R;-55 to +85°C;10.0;22 uF;±20%;2.00 ±0.20;1.25 ±0.20;1.25 ±0.20;0.25~0.75;0.7;;;;10.00%;4.54 MΩ;100%;IEC-60384;Reflow;No;0.5 Vrms, 120 Hz;Embossed Plastic Tape Reel 7 inch;3,000;0.01720 g;Ni-Sn;https://www.yageo.com/en/Chart/Download/pdf/CC0805MKX5R6BB226;https://www.yageo.com/upload/media/product/productsearch/datasheet/mlcc/UPY-GPHC_X5R_4V-to-50V_30.pdf;;
CC0805MKX5R6BB475;0805_220_145_145_075_070.STEP;;General Purpose;CC X5R;General purpose X5R;0805 (2012);X5R;-55 to +85°C;10.0;4.7 uF;±20%;2.00 ±0.20;1.25 ±0.20;1.25 ±0.20;0.25~0.75;0.7;;;;10.00%;21.2 MΩ;150%;IEC-60384;Reflow;No;1 KHz, 1 Vrms;Embossed Plastic Tape Reel 7 inch;3,000;0.01720 g;Ni-Sn;https://www.yageo.com/en/Chart/Download/pdf/CC0805MKX5R6BB475;https://www.yageo.com/upload/media/product/productsearch/datasheet/mlcc/UPY-GPHC_X5R_4V-to-50V_30.pdf;;
CC0805MKX5R7BB106;0805_220_145_145_075_070.STEP;;General Purpose;CC X5R;General purpose X5R;0805 (2012);X5R;-55 to +85°C;16.0;10 uF;±20%;2.00 ±0.20;1.25 ±0.20;1.25 ±0.20;0.25~0.75;0.7;;;;10.00%;10 MΩ;150%;IEC-60384;Reflow;No;1 KHz, 1 Vrms;Embossed Plastic Tape Reel 7 inch;3,000;0.01720 g;Ni-Sn;https://www.yageo.com/en/Chart/Download/pdf/CC0805MKX5R7BB106;https://www.yageo.com/upload/media/product/productsearch/datasheet/mlcc/UPY-GPHC_X5R_4V-to-50V_30.pdf;;
CC0805MKX5R7BB226;0805_220_145_145_075_070.STEP;;General Purpose;CC X5R;General purpose X5R;0805 (2012);X5R;-55 to +85°C;16.0;22 uF;±20%;2.00 ±0.20;1.25 ±0.20;1.25 ±0.20;0.25~0.75;0.7;;;;10.00%;4.54 MΩ;100%;IEC-60384;Reflow;No;0.5 Vrms, 120 Hz;Embossed Plastic Tape Reel 7 inch;3,000;0.01720 g;Ni-Sn;https://www.yageo.com/en/Chart/Download/pdf/CC0805MKX5R7BB226;https://www.yageo.com/upload/media/product/productsearch/datasheet/mlcc/UPY-GPHC_X5R_4V-to-50V_30.pdf;;
CC0805MKX5R7BB475;0805_220_145_145_075_070.STEP;;General Purpose;CC X5R;General purpose X5R;0805 (2012);X5R;-55 to +85°C;16.0;4.7 uF;±20%;2.00 ±0.20;1.25 ±0.20;1.25 ±0.20;0.25~0.75;0.7;;;;10.00%;21.2 MΩ;150%;IEC-60384;Reflow;No;1 KHz, 1 Vrms;Embossed Plastic Tape Reel 7 inch;3,000;0.01720 g;Ni-Sn;https://www.yageo.com/en/Chart/Download/pdf/CC0805MKX5R7BB475;https://www.yageo.com/upload/media/product/productsearch/datasheet/mlcc/UPY-GPHC_X5R_4V-to-50V_30.pdf;;
CC0805MKX5R8BB105;0805_220_145_145_075_070.STEP;;General Purpose;CC X5R;General purpose X5R;0805 (2012);X5R;-55 to +85°C;25.0;1 uF;±20%;2.00 ±0.20;1.25 ±0.20;1.25 ±0.20;0.25~0.75;0.7;;;;3.50%;500 MΩ;200%;IEC-60384;Reflow/Wave;No;1 KHz, 1 Vrms;Embossed Plastic Tape Reel 7 inch;3,000;0.01720 g;Ni-Sn;https://www.yageo.com/en/Chart/Download/pdf/CC0805MKX5R8BB105;https://www.yageo.com/upload/media/product/productsearch/datasheet/mlcc/UPY-GPHC_X5R_4V-to-50V_30.pdf;;
CC0805MKX5R8BB106;0805_220_145_145_075_070.STEP;;General Purpose;CC X5R;General purpose X5R;0805 (2012);X5R;-55 to +85°C;25.0;10 uF;±20%;2.00 ±0.20;1.25 ±0.20;1.25 ±0.20;0.25~0.75;0.7;;;;10.00%;10 MΩ;100%;IEC-60384;Reflow;No;1 KHz, 1 Vrms;Embossed Plastic Tape Reel 7 inch;3,000;0.01720 g;Ni-Sn;https://www.yageo.com/en/Chart/Download/pdf/CC0805MKX5R8BB106;https://www.yageo.com/upload/media/product/productsearch/datasheet/mlcc/UPY-GPHC_X5R_4V-to-50V_30.pdf;;
CC0805MKX5R8BB226;0805_220_145_145_075_070.STEP;;General Purpose;CC X5R;General purpose X5R;0805 (2012);X5R;-55 to +85°C;25.0;22 uF;±20%;2.00 ±0.20;1.25 ±0.20;1.25 ±0.20;0.25~0.75;0.7;;;;10.00%;4.54 MΩ;100%;IEC-60384;Reflow;No;0.5 Vrms, 120 Hz;Embossed Plastic Tape Reel 7 inch;3,000;0.01720 g;Ni-Sn;https://www.yageo.com/en/Chart/Download/pdf/CC0805MKX5R8BB226;https://www.yageo.com/upload/media/product/productsearch/datasheet/mlcc/UPY-GPHC_X5R_4V-to-50V_30.pdf;;
CC0805MKX5R8BB475;0805_220_145_145_075_070.STEP;;General Purpose;CC X5R;General purpose X5R;0805 (2012);X5R;-55 to +85°C;25.0;4.7 uF;±20%;2.00 ±0.20;1.25 ±0.20;1.25 ±0.20;0.25~0.75;0.7;;;;10.00%;21.2 MΩ;150%;IEC-60384;Reflow;No;1 KHz, 1 Vrms;Embossed Plastic Tape Reel 7 inch;3,000;0.01720 g;Ni-Sn;https://www.yageo.com/en/Chart/Download/pdf/CC0805MKX5R8BB475;https://www.yageo.com/upload/media/product/productsearch/datasheet/mlcc/UPY-GPHC_X5R_4V-to-50V_30.pdf;;
CC0805MRX5R5BB106;0805_220_145_095_075_070.STEP;;General Purpose;CC X5R;General purpose X5R;0805 (2012);X5R;-55 to +85°C;6.3;10 uF;±20%;2.00 ±0.20;1.25 ±0.20;0.85 ±0.10;0.25~0.75;0.7;;;;10.00%;10 MΩ;150%;IEC-60384;Reflow;No;1kHz, 0.5 Vrms;Paper/PE Tape Reel 7 inch;4,000;0.01720 g;Ni-Sn;https://www.yageo.com/en/Chart/Download/pdf/CC0805MRX5R5BB106;https://www.yageo.com/upload/media/product/productsearch/datasheet/mlcc/UPY-GPHC_X5R_4V-to-50V_30.pdf;;
CC0805MRX5R5BB226;0805_220_145_095_075_070.STEP;;General Purpose;CC X5R;General purpose X5R;0805 (2012);X5R;-55 to +85°C;6.3;22 uF;±20%;2.00 ±0.20;1.25 ±0.20;0.85 ±0.10;0.25~0.75;0.7;;;;10.00%;2.27 MΩ;150%;IEC-60384;Reflow;No;0.5 Vrms, 120 Hz;Paper/PE Tape Reel 7 inch;4,000;0.01720 g;Ni-Sn;https://www.yageo.com/en/Chart/Download/pdf/CC0805MRX5R5BB226;https://www.yageo.com/upload/media/product/productsearch/datasheet/mlcc/UPY-GPHC_X5R_4V-to-50V_30.pdf;;
CC0805MRX5R5BB475;0805_220_145_095_075_070.STEP;;General Purpose;CC X5R;General purpose X5R;0805 (2012);X5R;-55 to +85°C;6.3;4.7 uF;±20%;2.00 ±0.20;1.25 ±0.20;0.85 ±0.10;0.25~0.75;0.7;;;;10.00%;106 MΩ;150%;IEC-60384;Reflow;No;1kHz, 0.5 Vrms;Paper/PE Tape Reel 7 inch;3,000;0.01720 g;Ni-Sn;https://www.yageo.com/en/Chart/Download/pdf/CC0805MRX5R5BB475;https://www.yageo.com/upload/media/product/productsearch/datasheet/mlcc/UPY-GPHC_X5R_4V-to-50V_30.pdf;;
CC0805MRX5R6BB106;0805_220_145_095_075_070.STEP;;General Purpose;CC X5R;General purpose X5R;0805 (2012);X5R;-55 to +85°C;10.0;10 uF;±20%;2.00 ±0.20;1.25 ±0.20;0.85 ±0.10;0.25~0.75;0.7;;;;10.00%;10 MΩ;150%;IEC-60384;Reflow;No;1 KHz, 1 Vrms;Paper/PE Tape Reel 7 inch;4,000;0.01720 g;Ni-Sn;https://www.yageo.com/en/Chart/Download/pdf/CC0805MRX5R6BB106;https://www.yageo.com/upload/media/product/productsearch/datasheet/mlcc/UPY-GPHC_X5R_4V-to-50V_30.pdf;;
CC0805MRX5R6BB225;0805_220_145_095_075_070.STEP;;General Purpose;CC X5R;General purpose X5R;0805 (2012);X5R;-55 to +85°C;10.0;2.2 uF;±20%;2.00 ±0.20;1.25 ±0.20;0.85 ±0.10;0.25~0.75;0.7;;;;10.00%;227 MΩ;200%;IEC-60384;Reflow;No;1 KHz, 1 Vrms;Paper/PE Tape Reel 7 inch;4,000;0.01720 g;Ni-Sn;https://www.yageo.com/en/Chart/Download/pdf/CC0805MRX5R6BB225;https://www.yageo.com/upload/media/product/productsearch/datasheet/mlcc/UPY-GPHC_X5R_4V-to-50V_30.pdf;;
CC1206KFX5R5BB106;1206_350_190_180_080_190.STEP;;General Purpose;CC X5R;General purpose X5R;1206 (3216);X5R;-55 to +85°C;6.3;10 uF;±10%;3.20 ±0.30;1.60 ±0.30;1.60 ±0.20;0.25~0.80;1.4;;;;10.00%;10 MΩ;150%;IEC-60384;Reflow;No;1kHz, 0.5 Vrms;Embossed Plastic Tape Reel 13 inch;8,000;0.04630 g;Ni-Sn;https://www.yageo.com/en/Chart/Download/pdf/CC1206KFX5R5BB106;https://www.yageo.com/upload/media/product/productsearch/datasheet/mlcc/UPY-GPHC_X5R_4V-to-50V_30.pdf;;
CC1206KFX5R5BB226;1206_350_190_180_080_190.STEP;;General Purpose;CC X5R;General purpose X5R;1206 (3216);X5R;-55 to +85°C;6.3;22 uF;±10%;3.20 ±0.30;1.60 ±0.30;1.60 ±0.20;0.25~0.80;1.4;;;;10.00%;4.54 MΩ;150%;IEC-60384;Reflow;No;0.5 Vrms, 120 Hz;Embossed Plastic Tape Reel 13 inch;8,000;0.04630 g;Ni-Sn;https://www.yageo.com/en/Chart/Download/pdf/CC1206KFX5R5BB226;https://www.yageo.com/upload/media/product/productsearch/datasheet/mlcc/UPY-GPHC_X5R_4V-to-50V_30.pdf;;
CC1206KFX5R7BB106;1206_350_190_180_080_190.STEP;;General Purpose;CC X5R;General purpose X5R;1206 (3216);X5R;-55 to +85°C;16.0;10 uF;±10%;3.20 ±0.30;1.60 ±0.30;1.60 ±0.20;0.25~0.80;1.4;;;;10.00%;10 MΩ;150%;IEC-60384;Reflow;No;1 KHz, 1 Vrms;Embossed Plastic Tape Reel 13 inch;8,000;0.04630 g;Ni-Sn;https://www.yageo.com/en/Chart/Download/pdf/CC1206KFX5R7BB106;https://www.yageo.com/upload/media/product/productsearch/datasheet/mlcc/UPY-GPHC_X5R_4V-to-50V_30.pdf;;
CC1206KFX5R7BB225;1206_350_180_145_075_200.STEP;;General Purpose;CC X5R;General purpose X5R;1206 (3216);X5R;-55 to +85°C;16.0;2.2 uF;±10%;3.20 ±0.30;1.60 ±0.20;1.25 ±0.20;0.25~0.75;1.4;;;;5.00%;227 MΩ;200%;IEC-60384;Reflow/Wave;No;1 KHz, 1 Vrms;Embossed Plastic Tape Reel 13 inch;10,000;0.04630 g;Ni-Sn;https://www.yageo.com/en/Chart/Download/pdf/CC1206KFX5R7BB225;https://www.yageo.com/upload/media/product/productsearch/datasheet/mlcc/UPY-GPHC_X5R_4V-to-50V_30.pdf;;
CC1206KFX5R7BB226;1206_350_190_180_080_190.STEP;;General Purpose;CC X5R;General purpose X5R;1206 (3216);X5R;-55 to +85°C;16.0;22 uF;±10%;3.20 ±0.30;1.60 ±0.30;1.60 ±0.20;0.25~0.80;1.4;;;;10.00%;2.27 MΩ;150%;IEC-60384;Reflow;No;0.5 Vrms, 120 Hz;Embossed Plastic Tape Reel 13 inch;8,000;0.04630 g;Ni-Sn;https://www.yageo.com/en/Chart/Download/pdf/CC1206KFX5R7BB226;https://www.yageo.com/upload/media/product/productsearch/datasheet/mlcc/UPY-GPHC_X5R_4V-to-50V_30.pdf;;
CC1206KFX5R7BB475;1206_350_190_180_080_190.STEP;;General Purpose;CC X5R;General purpose X5R;1206 (3216);X5R;-55 to +85°C;16.0;4.7 uF;±10%;3.20 ±0.30;1.60 ±0.30;1.60 ±0.20;0.25~0.80;1.4;;;;5.00%;21.2 MΩ;150%;IEC-60384;Reflow;No;1 KHz, 1 Vrms;Embossed Plastic Tape Reel 13 inch;8,000;0.04630 g;Ni-Sn;https://www.yageo.com/en/Chart/Download/pdf/CC1206KFX5R7BB475;https://www.yageo.com/upload/media/product/productsearch/datasheet/mlcc/UPY-GPHC_X5R_4V-to-50V_30.pdf;;
CC1206KFX5R8BB106;1206_350_190_180_080_190.STEP;;General Purpose;CC X5R;General purpose X5R;1206 (3216);X5R;-55 to +85°C;25.0;10 uF;±10%;3.20 ±0.30;1.60 ±0.30;1.60 ±0.20;0.25~0.80;1.4;;;;10.00%;5 MΩ;150%;IEC-60384;Reflow;No;1 KHz, 1 Vrms;Embossed Plastic Tape Reel 13 inch;8,000;0.04630 g;Ni-Sn;https://www.yageo.com/en/Chart/Download/pdf/CC1206KFX5R8BB106;https://www.yageo.com/upload/media/product/productsearch/datasheet/mlcc/UPY-GPHC_X5R_4V-to-50V_30.pdf;;
CC1206KFX5R8BB226;1206_350_190_180_080_190.STEP;;General Purpose;CC X5R;General purpose X5R;1206 (3216);X5R;-55 to +85°C;25.0;22 uF;±10%;3.20 ±0.30;1.60 ±0.30;1.60 ±0.20;0.25~0.80;1.4;;;;10.00%;2.27 MΩ;150%;IEC-60384;Reflow;No;0.5 Vrms, 120 Hz;Embossed Plastic Tape Reel 13 inch;8,000;0.04630 g;Ni-Sn;https://www.yageo.com/en/Chart/Download/pdf/CC1206KFX5R8BB226;https://www.yageo.com/upload/media/product/productsearch/datasheet/mlcc/UPY-GPHC_X5R_4V-to-50V_30.pdf;;
CC1206KKX5R5BB106;1206_350_190_180_080_190.STEP;;General Purpose;CC X5R;General purpose X5R;1206 (3216);X5R;-55 to +85°C;6.3;10 uF;±10%;3.20 ±0.30;1.60 ±0.30;1.60 ±0.20;0.25~0.80;1.4;;;;10.00%;10 MΩ;150%;IEC-60384;Reflow;No;1kHz, 0.5 Vrms;Embossed Plastic Tape Reel 7 inch;2,000;0.04630 g;Ni-Sn;https://www.yageo.com/en/Chart/Download/pdf/CC1206KKX5R5BB106;https://www.yageo.com/upload/media/product/productsearch/datasheet/mlcc/UPY-GPHC_X5R_4V-to-50V_30.pdf;;
CC1206KKX5R5BB226;1206_350_190_180_080_190.STEP;;General Purpose;CC X5R;General purpose X5R;1206 (3216);X5R;-55 to +85°C;6.3;22 uF;±10%;3.20 ±0.30;1.60 ±0.30;1.60 ±0.20;0.25~0.80;1.4;;;;10.00%;4.54 MΩ;150%;IEC-60384;Reflow;No;0.5 Vrms, 120 Hz;Embossed Plastic Tape Reel 7 inch;2,000;0.04630 g;Ni-Sn;https://www.yageo.com/en/Chart/Download/pdf/CC1206KKX5R5BB226;https://www.yageo.com/upload/media/product/productsearch/datasheet/mlcc/UPY-GPHC_X5R_4V-to-50V_30.pdf;;
CC1206KKX5R5BB475;1206_350_190_180_080_190.STEP;;General Purpose;CC X5R;General purpose X5R;1206 (3216);X5R;-55 to +85°C;6.3;4.7 uF;±10%;3.20 ±0.30;1.60 ±0.30;1.60 ±0.20;0.25~0.80;1.4;;;;5.00%;21.2 MΩ;150%;IEC-60384;Reflow;No;1kHz, 0.5 Vrms;Embossed Plastic Tape Reel 7 inch;2,000;0.04630 g;Ni-Sn;https://www.yageo.com/en/Chart/Download/pdf/CC1206KKX5R5BB475;https://www.yageo.com/upload/media/product/productsearch/datasheet/mlcc/UPY-GPHC_X5R_4V-to-50V_30.pdf;;
CC1206KKX5R6BB106;1206_350_190_180_080_190.STEP;;General Purpose;CC X5R;General purpose X5R;1206 (3216);X5R;-55 to +85°C;10.0;10 uF;±10%;3.20 ±0.30;1.60 ±0.30;1.60 ±0.20;0.25~0.80;1.4;;;;10.00%;10 MΩ;150%;IEC-60384;Reflow;No;1 KHz, 1 Vrms;Embossed Plastic Tape Reel 7 inch;2,000;0.04630 g;Ni-Sn;https://www.yageo.com/en/Chart/Download/pdf/CC1206KKX5R6BB106;https://www.yageo.com/upload/media/product/productsearch/datasheet/mlcc/UPY-GPHC_X5R_4V-to-50V_30.pdf;;
CC1206KKX5R6BB225;1206_335_175_125_075_185.STEP;;General Purpose;CC X5R;General purpose X5R;1206 (3216);X5R;-55 to +85°C;10.0;2.2 uF;±10%;3.20 ±0.15;1.60 ±0.15;1.15 ±0.10;0.25~0.75;1.4;;;;5.00%;227 MΩ;200%;IEC-60384;Reflow/Wave;No;1 KHz, 1 Vrms;Embossed Plastic Tape Reel 7 inch;3,000;0.04630 g;Ni-Sn;https://www.yageo.com/en/Chart/Download/pdf/CC1206KKX5R6BB225;https://www.yageo.com/upload/media/product/productsearch/datasheet/mlcc/UPY-GPHC_X5R_4V-to-50V_30.pdf;;
CC1206KKX5R6BB226;1206_350_190_180_080_190.STEP;;General Purpose;CC X5R;General purpose X5R;1206 (3216);X5R;-55 to +85°C;10.0;22 uF;±10%;3.20 ±0.30;1.60 ±0.30;1.60 ±0.20;0.25~0.80;1.4;;;;10.00%;4.54 MΩ;150%;IEC-60384;Reflow;No;0.5 Vrms, 120 Hz;Embossed Plastic Tape Reel 7 inch;2,000;0.04630 g;Ni-Sn;https://www.yageo.com/en/Chart/Download/pdf/CC1206KKX5R6BB226;https://www.yageo.com/upload/media/product/productsearch/datasheet/mlcc/UPY-GPHC_X5R_4V-to-50V_30.pdf;;
CC1206KKX5R6BB475;1206_350_190_180_080_190.STEP;;General Purpose;CC X5R;General purpose X5R;1206 (3216);X5R;-55 to +85°C;10.0;4.7 uF;±10%;3.20 ±0.30;1.60 ±0.30;1.60 ±0.20;0.25~0.80;1.4;;;;5.00%;21.2 MΩ;150%;IEC-60384;Reflow;No;1 KHz, 1 Vrms;Embossed Plastic Tape Reel 7 inch;2,000;0.04630 g;Ni-Sn;https://www.yageo.com/en/Chart/Download/pdf/CC1206KKX5R6BB475;https://www.yageo.com/upload/media/product/productsearch/datasheet/mlcc/UPY-GPHC_X5R_4V-to-50V_30.pdf;;
CC1206KKX5R7BB105;1206_335_175_125_075_185.STEP;;General Purpose;CC X5R;General purpose X5R;1206 (3216);X5R;-55 to +85°C;16.0;1 uF;±10%;3.20 ±0.15;1.60 ±0.15;1.15 ±0.10;0.25~0.75;1.4;;;;5.00%;500 MΩ;200%;IEC-60384;Reflow/Wave;No;1 KHz, 1 Vrms;Embossed Plastic Tape Reel 7 inch;3,000;0.04630 g;Ni-Sn;https://www.yageo.com/en/Chart/Download/pdf/CC1206KKX5R7BB105;https://www.yageo.com/upload/media/product/productsearch/datasheet/mlcc/UPY-GPHC_X5R_4V-to-50V_30.pdf;;
CC1206KKX5R7BB106;1206_350_190_180_080_190.STEP;;General Purpose;CC X5R;General purpose X5R;1206 (3216);X5R;-55 to +85°C;16.0;10 uF;±10%;3.20 ±0.30;1.60 ±0.30;1.60 ±0.20;0.25~0.80;1.4;;;;10.00%;10 MΩ;150%;IEC-60384;Reflow;No;1 KHz, 1 Vrms;Embossed Plastic Tape Reel 7 inch;2,000;0.04630 g;Ni-Sn;https://www.yageo.com/en/Chart/Download/pdf/CC1206KKX5R7BB106;https://www.yageo.com/upload/media/product/productsearch/datasheet/mlcc/UPY-GPHC_X5R_4V-to-50V_30.pdf;;
CC1206KKX5R7BB225;1206_335_175_125_075_185.STEP;;General Purpose;CC X5R;General purpose X5R;1206 (3216);X5R;-55 to +85°C;16.0;2.2 uF;±10%;3.20 ±0.15;1.60 ±0.15;1.15 ±0.10;0.25~0.75;1.4;;;;5.00%;227 MΩ;200%;IEC-60384;Reflow/Wave;No;1 KHz, 1 Vrms;Embossed Plastic Tape Reel 7 inch;3,000;0.04630 g;Ni-Sn;https://www.yageo.com/en/Chart/Download/pdf/CC1206KKX5R7BB225;https://www.yageo.com/upload/media/product/productsearch/datasheet/mlcc/UPY-GPHC_X5R_4V-to-50V_30.pdf;;
CC1206KKX5R7BB226;1206_350_190_180_080_190.STEP;;General Purpose;CC X5R;General purpose X5R;1206 (3216);X5R;-55 to +85°C;16.0;22 uF;±10%;3.20 ±0.30;1.60 ±0.30;1.60 ±0.20;0.25~0.80;1.4;;;;10.00%;2.27 MΩ;150%;IEC-60384;Reflow;No;0.5 Vrms, 120 Hz;Embossed Plastic Tape Reel 7 inch;2,000;0.04630 g;Ni-Sn;https://www.yageo.com/en/Chart/Download/pdf/CC1206KKX5R7BB226;https://www.yageo.com/upload/media/product/productsearch/datasheet/mlcc/UPY-GPHC_X5R_4V-to-50V_30.pdf;;
CC1206KKX5R7BB475;1206_350_190_180_080_190.STEP;;General Purpose;CC X5R;General purpose X5R;1206 (3216);X5R;-55 to +85°C;16.0;4.7 uF;±10%;3.20 ±0.30;1.60 ±0.30;1.60 ±0.20;0.25~0.80;1.4;;;;5.00%;21.2 MΩ;150%;IEC-60384;Reflow;No;1 KHz, 1 Vrms;Embossed Plastic Tape Reel 7 inch;2,000;0.04630 g;Ni-Sn;https://www.yageo.com/en/Chart/Download/pdf/CC1206KKX5R7BB475;https://www.yageo.com/upload/media/product/productsearch/datasheet/mlcc/UPY-GPHC_X5R_4V-to-50V_30.pdf;;
CC1206KKX5R8BB105;1206_335_175_125_075_185.STEP;;General Purpose;CC X5R;General purpose X5R;1206 (3216);X5R;-55 to +85°C;25.0;1 uF;±10%;3.20 ±0.15;1.60 ±0.15;1.15 ±0.10;0.25~0.75;1.4;;;;3.50%;500 MΩ;200%;IEC-60384;Reflow/Wave;No;1 KHz, 1 Vrms;Embossed Plastic Tape Reel 7 inch;3,000;0.04630 g;Ni-Sn;https://www.yageo.com/en/Chart/Download/pdf/CC1206KKX5R8BB105;https://www.yageo.com/upload/media/product/productsearch/datasheet/mlcc/UPY-GPHC_X5R_4V-to-50V_30.pdf;;
CC1206KKX5R8BB106;1206_350_190_180_080_190.STEP;;General Purpose;CC X5R;General purpose X5R;1206 (3216);X5R;-55 to +85°C;25.0;10 uF;±10%;3.20 ±0.30;1.60 ±0.30;1.60 ±0.20;0.25~0.80;1.4;;;;10.00%;5 MΩ;150%;IEC-60384;Reflow;No;1 KHz, 1 Vrms;Embossed Plastic Tape Reel 7 inch;2,000;0.04630 g;Ni-Sn;https://www.yageo.com/en/Chart/Download/pdf/CC1206KKX5R8BB106;https://www.yageo.com/upload/media/product/productsearch/datasheet/mlcc/UPY-GPHC_X5R_4V-to-50V_30.pdf;;
CC1206KKX5R8BB225;1206_335_175_125_075_185.STEP;;General Purpose;CC X5R;General purpose X5R;1206 (3216);X5R;-55 to +85°C;25.0;2.2 uF;±10%;3.20 ±0.15;1.60 ±0.15;1.15 ±0.10;0.25~0.75;1.4;;;;3.50%;227 MΩ;200%;IEC-60384;Reflow/Wave;No;1 KHz, 1 Vrms;Embossed Plastic Tape Reel 7 inch;3,000;0.04630 g;Ni-Sn;https://www.yageo.com/en/Chart/Download/pdf/CC1206KKX5R8BB225;https://www.yageo.com/upload/media/product/productsearch/datasheet/mlcc/UPY-GPHC_X5R_4V-to-50V_30.pdf;;
CC1206KKX5R8BB226;1206_350_190_190_090_170.STEP;;General Purpose;CC X5R;General purpose X5R;1206 (3216);X5R;-55 to +85°C;25.0;22 uF;±10%;3.20 ±0.30;1.60 ±0.30;1.60 ±0.30;0.25~0.90;1.4;;;;10.00%;2.27 MΩ;150%;IEC-60384;Reflow;No;0.5 Vrms, 120 Hz;Embossed Plastic Tape Reel 7 inch;2,000;0.04630 g;Ni-Sn;https://www.yageo.com/en/Chart/Download/pdf/CC1206KKX5R8BB226;https://www.yageo.com/upload/media/product/productsearch/datasheet/mlcc/UPY-GPHC_X5R_4V-to-50V_30.pdf;;
CC1206KKX5R8BB475;1206_350_190_180_080_190.STEP;;General Purpose;CC X5R;General purpose X5R;1206 (3216);X5R;-55 to +85°C;25.0;4.7 uF;±10%;3.20 ±0.30;1.60 ±0.30;1.60 ±0.20;0.25~0.80;1.4;;;;5.00%;21.2 MΩ;150%;IEC-60384;Reflow;No;1 KHz, 1 Vrms;Embossed Plastic Tape Reel 7 inch;2,000;0.04630 g;Ni-Sn;https://www.yageo.com/en/Chart/Download/pdf/CC1206KKX5R8BB475;https://www.yageo.com/upload/media/product/productsearch/datasheet/mlcc/UPY-GPHC_X5R_4V-to-50V_30.pdf;;
CC1206KKX5R9BB105;1206_350_190_180_080_190.STEP;;General Purpose;CC X5R;General purpose X5R;1206 (3216);X5R;-55 to +85°C;50.0;1 uF;±10%;3.20 ±0.30;1.60 ±0.30;1.60 ±0.20;0.25~0.80;1.4;;;;10.00%;500 MΩ;200%;IEC-60384;Reflow/Wave;No;1 KHz, 1 Vrms;Embossed Plastic Tape Reel 7 inch;2,000;0.04630 g;Ni-Sn;https://www.yageo.com/en/Chart/Download/pdf/CC1206KKX5R9BB105;https://www.yageo.com/upload/media/product/productsearch/datasheet/mlcc/UPY-GPHC_X5R_4V-to-50V_30.pdf;;
CC1206KKX5R9BB106;1206_350_190_190_090_170.STEP;;General Purpose;CC X5R;General purpose X5R;1206 (3216);X5R;-55 to +85°C;50.0;10 uF;±10%;3.20 ±0.30;1.60 ±0.30;1.60 ±0.30;0.25~0.90;1.4;;;;10.00%;5 MΩ;100%;IEC-60384;Reflow;No;1 KHz, 1 Vrms;Embossed Plastic Tape Reel 7 inch;2,000;0.04630 g;Ni-Sn;https://www.yageo.com/en/Chart/Download/pdf/CC1206KKX5R9BB106;https://www.yageo.com/upload/media/product/productsearch/datasheet/mlcc/UPY-GPHC_X5R_4V-to-50V_30.pdf;;
CC1206KKX5R9BB225;1206_350_190_180_080_190.STEP;;General Purpose;CC X5R;General purpose X5R;1206 (3216);X5R;-55 to +85°C;50.0;2.2 uF;±10%;3.20 ±0.30;1.60 ±0.30;1.60 ±0.20;0.25~0.80;1.4;;;;10.00%;227 MΩ;200%;IEC-60384;Reflow/Wave;No;1 KHz, 1 Vrms;Embossed Plastic Tape Reel 7 inch;2,000;0.04630 g;Ni-Sn;https://www.yageo.com/en/Chart/Download/pdf/CC1206KKX5R9BB225;https://www.yageo.com/upload/media/product/productsearch/datasheet/mlcc/UPY-GPHC_X5R_4V-to-50V_30.pdf;;
CC1206KKX5R9BB475;1206_350_190_180_080_190.STEP;;General Purpose;CC X5R;General purpose X5R;1206 (3216);X5R;-55 to +85°C;50.0;4.7 uF;±10%;3.20 ±0.30;1.60 ±0.30;1.60 ±0.20;0.25~0.80;1.4;;;;10.00%;21.2 MΩ;150%;IEC-60384;Reflow;No;1 KHz, 1 Vrms;Embossed Plastic Tape Reel 7 inch;2,000;0.04630 g;Ni-Sn;https://www.yageo.com/en/Chart/Download/pdf/CC1206KKX5R9BB475;https://www.yageo.com/upload/media/product/productsearch/datasheet/mlcc/UPY-GPHC_X5R_4V-to-50V_30.pdf;;
CC1206KKX5RGBB106;1206_350_190_180_080_190.STEP;;General Purpose;CC X5R;General purpose X5R;1206 (3216);X5R;-55 to +85°C;35.0;10 uF;±10%;3.20 ±0.30;1.60 ±0.30;1.60 ±0.20;0.25~0.80;1.4;;;;10.00%;5 MΩ;150%;IEC-60384;Reflow;No;1 KHz, 1 Vrms;Embossed Plastic Tape Reel 7 inch;2,000;0.04630 g;Ni-Sn;https://www.yageo.com/en/Chart/Download/pdf/CC1206KKX5RGBB106;https://www.yageo.com/upload/media/product/productsearch/datasheet/mlcc/UPY-GPHC_X5R_4V-to-50V_30.pdf;;
CC1206KRX5R5BB104;1206_335_175_095_075_185.STEP;;General Purpose;CC X5R;General purpose X5R;1206 (3216);X5R;-55 to +85°C;6.3;100 nF;±10%;3.20 ±0.15;1.60 ±0.15;0.85 ±0.10;0.25~0.75;1.4;;;;5.00%;5.0 GΩ;200%;IEC-60384;Reflow/Wave;No;1 KHz, 1 Vrms;Paper/PE Tape Reel 7 inch;4,000;0.04630 g;Ni-Sn;https://www.yageo.com/en/Chart/Download/pdf/CC1206KRX5R5BB104;https://www.yageo.com/upload/media/product/productsearch/datasheet/mlcc/UPY-GPHC_X5R_4V-to-50V_30.pdf;;
CC1206MFX5R5BB106;1206_350_190_180_080_190.STEP;;General Purpose;CC X5R;General purpose X5R;1206 (3216);X5R;-55 to +85°C;6.3;10 uF;±20%;3.20 ±0.30;1.60 ±0.30;1.60 ±0.20;0.25~0.80;1.4;;;;10.00%;10 MΩ;150%;IEC-60384;Reflow;No;1kHz, 0.5 Vrms;Embossed Plastic Tape Reel 13 inch;8,000;0.04630 g;Ni-Sn;https://www.yageo.com/en/Chart/Download/pdf/CC1206MFX5R5BB106;https://www.yageo.com/upload/media/product/productsearch/datasheet/mlcc/UPY-GPHC_X5R_4V-to-50V_30.pdf;;
CC1206MFX5R5BB107;1206_350_190_190_090_170.STEP;;General Purpose;CC X5R;General purpose X5R;1206 (3216);X5R;-55 to +85°C;6.3;100 uF;±20%;3.20 ±0.30;1.60 ±0.30;1.60 ±0.30;0.25~0.90;1.4;;;;15.00%;0.5 MΩ;150%;IEC-60384;Reflow;No;0.5 Vrms, 120 Hz;Embossed Plastic Tape Reel 13 inch;8,000;0.04630 g;Ni-Sn;https://www.yageo.com/en/Chart/Download/pdf/CC1206MFX5R5BB107;https://www.yageo.com/upload/media/product/productsearch/datasheet/mlcc/UPY-GPHC_X5R_4V-to-50V_30.pdf;;
CC1206MFX5R5BB476;1206_350_190_180_080_190.STEP;;General Purpose;CC X5R;General purpose X5R;1206 (3216);X5R;-55 to +85°C;6.3;47 uF;±20%;3.20 ±0.30;1.60 ±0.30;1.60 ±0.20;0.25~0.80;1.4;;;;10.00%;2.12 MΩ;150%;IEC-60384;Reflow;No;0.5 Vrms, 120 Hz;Embossed Plastic Tape Reel 13 inch;8,000;0.04630 g;Ni-Sn;https://www.yageo.com/en/Chart/Download/pdf/CC1206MFX5R5BB476;https://www.yageo.com/upload/media/product/productsearch/datasheet/mlcc/UPY-GPHC_X5R_4V-to-50V_30.pdf;;
CC1206MFX5R6BB106;1206_350_190_180_080_190.STEP;;General Purpose;CC X5R;General purpose X5R;1206 (3216);X5R;-55 to +85°C;10.0;10 uF;±20%;3.20 ±0.30;1.60 ±0.30;1.60 ±0.20;0.25~0.80;1.4;;;;10.00%;10 MΩ;150%;IEC-60384;Reflow;No;1 KHz, 1 Vrms;Embossed Plastic Tape Reel 13 inch;8,000;0.04630 g;Ni-Sn;https://www.yageo.com/en/Chart/Download/pdf/CC1206MFX5R6BB106;https://www.yageo.com/upload/media/product/productsearch/datasheet/mlcc/UPY-GPHC_X5R_4V-to-50V_30.pdf;;
CC1206MFX5R7BB226;1206_350_190_180_080_190.STEP;;General Purpose;CC X5R;General purpose X5R;1206 (3216);X5R;-55 to +85°C;16.0;22 uF;±20%;3.20 ±0.30;1.60 ±0.30;1.60 ±0.20;0.25~0.80;1.4;;;;10.00%;22.7 MΩ;150%;IEC-60384;Reflow;No;0.5 Vrms, 120 Hz;Embossed Plastic Tape Reel 13 inch;8,000;0.04630 g;Ni-Sn;https://www.yageo.com/en/Chart/Download/pdf/CC1206MFX5R7BB226;https://www.yageo.com/upload/media/product/productsearch/datasheet/mlcc/UPY-GPHC_X5R_4V-to-50V_30.pdf;;
CC1206MKX5R4BB227;1206_350_190_190_090_170.STEP;;General Purpose;CC X5R;General purpose X5R;1206 (3216);X5R;-55 to +85°C;4.0;220 uF;±20%;3.20 ±0.30;1.60 ±0.30;1.60 ±0.30;0.25~0.90;1.4;;;;20.00%;0.09 MΩ;150%;IEC-60384;Reflow;No;0.5 Vrms, 120 Hz;Embossed Plastic Tape Reel 7 inch;2,000;0.04630 g;Ni-Sn;https://www.yageo.com/en/Chart/Download/pdf/CC1206MKX5R4BB227;https://www.yageo.com/upload/media/product/productsearch/datasheet/mlcc/UPY-GPHC_X5R_4V-to-50V_30.pdf;;
CC1206MKX5R5BB106;1206_350_190_180_080_190.STEP;;General Purpose;CC X5R;General purpose X5R;1206 (3216);X5R;-55 to +85°C;6.3;10 uF;±20%;3.20 ±0.30;1.60 ±0.30;1.60 ±0.20;0.25~0.80;1.4;;;;10.00%;10 MΩ;150%;IEC-60384;Reflow;No;1kHz, 0.5 Vrms;Embossed Plastic Tape Reel 7 inch;2,000;0.04630 g;Ni-Sn;https://www.yageo.com/en/Chart/Download/pdf/CC1206MKX5R5BB106;https://www.yageo.com/upload/media/product/productsearch/datasheet/mlcc/UPY-GPHC_X5R_4V-to-50V_30.pdf;;
CC1206MKX5R5BB107;1206_350_190_190_090_170.STEP;;General Purpose;CC X5R;General purpose X5R;1206 (3216);X5R;-55 to +85°C;6.3;100 uF;±20%;3.20 ±0.30;1.60 ±0.30;1.60 ±0.30;0.25~0.90;1.4;;;;15.00%;0.5 MΩ;150%;IEC-60384;Reflow;No;0.5 Vrms, 120 Hz;Embossed Plastic Tape Reel 7 inch;2,000;0.04630 g;Ni-Sn;https://www.yageo.com/en/Chart/Download/pdf/CC1206MKX5R5BB107;https://www.yageo.com/upload/media/product/productsearch/datasheet/mlcc/UPY-GPHC_X5R_4V-to-50V_30.pdf;;
CC1206MKX5R5BB226;1206_350_190_180_080_190.STEP;;General Purpose;CC X5R;General purpose X5R;1206 (3216);X5R;-55 to +85°C;6.3;22 uF;±20%;3.20 ±0.30;1.60 ±0.30;1.60 ±0.20;0.25~0.80;1.4;;;;10.00%;4.54 MΩ;150%;IEC-60384;Reflow;No;0.5 Vrms, 120 Hz;Embossed Plastic Tape Reel 7 inch;2,000;0.04630 g;Ni-Sn;https://www.yageo.com/en/Chart/Download/pdf/CC1206MKX5R5BB226;https://www.yageo.com/upload/media/product/productsearch/datasheet/mlcc/UPY-GPHC_X5R_4V-to-50V_30.pdf;;
CC1206MKX5R5BB476;1206_350_190_180_080_190.STEP;;General Purpose;CC X5R;General purpose X5R;1206 (3216);X5R;-55 to +85°C;6.3;47 uF;±20%;3.20 ±0.30;1.60 ±0.30;1.60 ±0.20;0.25~0.80;1.4;;;;10.00%;2.12 MΩ;150%;IEC-60384;Reflow;No;0.5 Vrms, 120 Hz;Embossed Plastic Tape Reel 7 inch;2,000;0.04630 g;Ni-Sn;https://www.yageo.com/en/Chart/Download/pdf/CC1206MKX5R5BB476;https://www.yageo.com/upload/media/product/productsearch/datasheet/mlcc/UPY-GPHC_X5R_4V-to-50V_30.pdf;;
CC1206MKX5R6BB106;1206_350_190_180_080_190.STEP;;General Purpose;CC X5R;General purpose X5R;1206 (3216);X5R;-55 to +85°C;10.0;10 uF;±20%;3.20 ±0.30;1.60 ±0.30;1.60 ±0.20;0.25~0.80;1.4;;;;10.00%;10 MΩ;150%;IEC-60384;Reflow;No;1 KHz, 1 Vrms;Embossed Plastic Tape Reel 7 inch;2,000;0.04630 g;Ni-Sn;https://www.yageo.com/en/Chart/Download/pdf/CC1206MKX5R6BB106;https://www.yageo.com/upload/media/product/productsearch/datasheet/mlcc/UPY-GPHC_X5R_4V-to-50V_30.pdf;;
CC1206MKX5R6BB226;1206_350_190_180_080_190.STEP;;General Purpose;CC X5R;General purpose X5R;1206 (3216);X5R;-55 to +85°C;10.0;22 uF;±20%;3.20 ±0.30;1.60 ±0.30;1.60 ±0.20;0.25~0.80;1.4;;;;10.00%;4.54 MΩ;150%;IEC-60384;Reflow;No;0.5 Vrms, 120 Hz;Embossed Plastic Tape Reel 7 inch;2,000;0.04630 g;Ni-Sn;https://www.yageo.com/en/Chart/Download/pdf/CC1206MKX5R6BB226;https://www.yageo.com/upload/media/product/productsearch/datasheet/mlcc/UPY-GPHC_X5R_4V-to-50V_30.pdf;;
CC1206MKX5R6BB475;1206_350_190_180_080_190.STEP;;General Purpose;CC X5R;General purpose X5R;1206 (3216);X5R;-55 to +85°C;10.0;4.7 uF;±20%;3.20 ±0.30;1.60 ±0.30;1.60 ±0.20;0.25~0.80;1.4;;;;5.00%;21.2 MΩ;150%;IEC-60384;Reflow;No;1 KHz, 1 Vrms;Embossed Plastic Tape Reel 7 inch;2,000;0.04630 g;Ni-Sn;https://www.yageo.com/en/Chart/Download/pdf/CC1206MKX5R6BB475;https://www.yageo.com/upload/media/product/productsearch/datasheet/mlcc/UPY-GPHC_X5R_4V-to-50V_30.pdf;;
CC1206MKX5R6BB476;1206_350_190_180_080_190.STEP;;General Purpose;CC X5R;General purpose X5R;1206 (3216);X5R;-55 to +85°C;10.0;47 uF;±20%;3.20 ±0.30;1.60 ±0.30;1.60 ±0.20;0.25~0.80;1.4;;;;10.00%;2.12 MΩ;150%;IEC-60384;Reflow;No;0.5 Vrms, 120 Hz;Embossed Plastic Tape Reel 7 inch;2,000;0.04630 g;Ni-Sn;https://www.yageo.com/en/Chart/Download/pdf/CC1206MKX5R6BB476;https://www.yageo.com/upload/media/product/productsearch/datasheet/mlcc/UPY-GPHC_X5R_4V-to-50V_30.pdf;;
CC1206MKX5R7BB106;1206_350_190_180_080_190.STEP;;General Purpose;CC X5R;General purpose X5R;1206 (3216);X5R;-55 to +85°C;16.0;10 uF;±20%;3.20 ±0.30;1.60 ±0.30;1.60 ±0.20;0.25~0.80;1.4;;;;10.00%;10 MΩ;150%;IEC-60384;Reflow;No;1 KHz, 1 Vrms;Embossed Plastic Tape Reel 7 inch;2,000;0.04630 g;Ni-Sn;https://www.yageo.com/en/Chart/Download/pdf/CC1206MKX5R7BB106;https://www.yageo.com/upload/media/product/productsearch/datasheet/mlcc/UPY-GPHC_X5R_4V-to-50V_30.pdf;;
CC1206MKX5R7BB226;1206_350_190_180_080_190.STEP;;General Purpose;CC X5R;General purpose X5R;1206 (3216);X5R;-55 to +85°C;16.0;22 uF;±20%;3.20 ±0.30;1.60 ±0.30;1.60 ±0.20;0.25~0.80;1.4;;;;10.00%;2.27 MΩ;150%;IEC-60384;Reflow;No;0.5 Vrms, 120 Hz;Embossed Plastic Tape Reel 7 inch;2,000;0.04630 g;Ni-Sn;https://www.yageo.com/en/Chart/Download/pdf/CC1206MKX5R7BB226;https://www.yageo.com/upload/media/product/productsearch/datasheet/mlcc/UPY-GPHC_X5R_4V-to-50V_30.pdf;;
CC1206MKX5R7BB475;1206_350_190_180_080_190.STEP;;General Purpose;CC X5R;General purpose X5R;1206 (3216);X5R;-55 to +85°C;16.0;4.7 uF;±20%;3.20 ±0.30;1.60 ±0.30;1.60 ±0.20;0.25~0.80;1.4;;;;5.00%;21.2 MΩ;150%;IEC-60384;Reflow;No;1 KHz, 1 Vrms;Embossed Plastic Tape Reel 7 inch;2,000;0.04630 g;Ni-Sn;https://www.yageo.com/en/Chart/Download/pdf/CC1206MKX5R7BB475;https://www.yageo.com/upload/media/product/productsearch/datasheet/mlcc/UPY-GPHC_X5R_4V-to-50V_30.pdf;;
CC1206MKX5R8BB106;1206_350_190_180_080_190.STEP;;General Purpose;CC X5R;General purpose X5R;1206 (3216);X5R;-55 to +85°C;25.0;10 uF;±20%;3.20 ±0.30;1.60 ±0.30;1.60 ±0.20;0.25~0.80;1.4;;;;10.00%;5 MΩ;150%;IEC-60384;Reflow;No;1 KHz, 1 Vrms;Embossed Plastic Tape Reel 7 inch;2,000;0.04630 g;Ni-Sn;https://www.yageo.com/en/Chart/Download/pdf/CC1206MKX5R8BB106;https://www.yageo.com/upload/media/product/productsearch/datasheet/mlcc/UPY-GPHC_X5R_4V-to-50V_30.pdf;;
CC1206MKX5R8BB226;1206_350_190_190_090_170.STEP;;General Purpose;CC X5R;General purpose X5R;1206 (3216);X5R;-55 to +85°C;25.0;22 uF;±20%;3.20 ±0.30;1.60 ±0.30;1.60 ±0.30;0.25~0.90;1.4;;;;10.00%;2.27 MΩ;150%;IEC-60384;Reflow;No;0.5 Vrms, 120 Hz;Embossed Plastic Tape Reel 7 inch;2,000;0.04630 g;Ni-Sn;https://www.yageo.com/en/Chart/Download/pdf/CC1206MKX5R8BB226;https://www.yageo.com/upload/media/product/productsearch/datasheet/mlcc/UPY-GPHC_X5R_4V-to-50V_30.pdf;;
CC1206MKX5R8BB475;1206_350_190_180_080_190.STEP;;General Purpose;CC X5R;General purpose X5R;1206 (3216);X5R;-55 to +85°C;25.0;4.7 uF;±20%;3.20 ±0.30;1.60 ±0.30;1.60 ±0.20;0.25~0.80;1.4;;;;5.00%;21.2 MΩ;150%;IEC-60384;Reflow;No;1 KHz, 1 Vrms;Embossed Plastic Tape Reel 7 inch;2,000;0.04630 g;Ni-Sn;https://www.yageo.com/en/Chart/Download/pdf/CC1206MKX5R8BB475;https://www.yageo.com/upload/media/product/productsearch/datasheet/mlcc/UPY-GPHC_X5R_4V-to-50V_30.pdf;;
CC1206MKX5R9BB106;1206_350_190_190_090_170.STEP;;General Purpose;CC X5R;General purpose X5R;1206 (3216);X5R;-55 to +85°C;50.0;10 uF;±20%;3.20 ±0.30;1.60 ±0.30;1.60 ±0.30;0.25~0.90;1.4;;;;10.00%;5 MΩ;100%;IEC-60384;Reflow;No;1 KHz, 1 Vrms;Embossed Plastic Tape Reel 7 inch;2,000;0.04630 g;Ni-Sn;https://www.yageo.com/en/Chart/Download/pdf/CC1206MKX5R9BB106;https://www.yageo.com/upload/media/product/productsearch/datasheet/mlcc/UPY-GPHC_X5R_4V-to-50V_30.pdf;;
CC1210KFX5R7BB226;1210_360_280_270_075_210.STEP;;General Purpose;CC X5R;General purpose X5R;1210 (3225);X5R;-55 to +85°C;16;22 uF;±10%;3.20 ±0.40;2.50 ±0.30;2.50 ±0.20;0.25~0.75;1.0;;;;10.00%;4.54 MΩ;150%;IEC-60384;Reflow;No;0.5 Vrms, 120 Hz;Embossed Plastic Tape Reel 13 inch;4,000;0.13100 g;Ni-Sn;https://www.yageo.com/en/Chart/Download/pdf/CC1210KFX5R7BB226;https://www.yageo.com/upload/media/product/productsearch/datasheet/mlcc/UPY-GPHC_X5R_4V-to-50V_30.pdf;;
CC1210KFX5R8BB475;1210_360_280_210_075_210.STEP;;General Purpose;CC X5R;General purpose X5R;1210 (3225);X5R;-55 to +85°C;25;4.7 uF;±10%;3.20 ±0.40;2.50 ±0.30;1.90 ±0.20;0.25~0.75;1.4;;;;5.00%;21.2 MΩ;150%;IEC-60384;Reflow;No;1 KHz, 1 Vrms;Embossed Plastic Tape Reel 13 inch;5,000;0.09040 g;Ni-Sn;https://www.yageo.com/en/Chart/Download/pdf/CC1210KFX5R8BB475;https://www.yageo.com/upload/media/product/productsearch/datasheet/mlcc/UPY-GPHC_X5R_4V-to-50V_30.pdf;;
CC1210KKX5R5BB226;1210_360_280_280_075_210.STEP;;General Purpose;CC X5R;General purpose X5R;1210 (3225);X5R;-55 to +85°C;6.3;22 uF;±10%;3.20 ±0.40;2.50 ±0.30;2.50 ±0.20;0.25~0.75;1.0;;;;10.00%;4.54 MΩ;150%;IEC-60384;Reflow;No;0.5 Vrms, 120 Hz;Embossed Plastic Tape Reel 7 inch;500;0.13100 g;Ni-Sn;https://www.yageo.com/en/Chart/Download/pdf/CC1210KKX5R5BB226;https://www.yageo.com/upload/media/product/productsearch/datasheet/mlcc/UPY-GPHC_X5R_4V-to-50V_30.pdf;;
CC1210KKX5R6BB106;1210_360_280_210_075_210.STEP;;General Purpose;CC X5R;General purpose X5R;1210 (3225);X5R;-55 to +85°C;10.0;10 uF;±10%;3.20 ±0.40;2.50 ±0.30;1.90 ±0.20;0.25~0.75;1.4;;;;10.00%;10 MΩ;150%;IEC-60384;Reflow;No;1 KHz, 1 Vrms;Embossed Plastic Tape Reel 7 inch;2,000;0.09040 g;Ni-Sn;https://www.yageo.com/en/Chart/Download/pdf/CC1210KKX5R6BB106;https://www.yageo.com/upload/media/product/productsearch/datasheet/mlcc/UPY-GPHC_X5R_4V-to-50V_30.pdf;;
CC1210KKX5R6BB226;1210_360_280_270_075_210.STEP;;General Purpose;CC X5R;General purpose X5R;1210 (3225);X5R;-55 to +85°C;10.0;22 uF;±10%;3.20 ±0.40;2.50 ±0.30;2.50 ±0.20;0.25~0.75;1.0;;;;10.00%;4.54 MΩ;150%;IEC-60384;Reflow;No;0.5 Vrms, 120 Hz;Embossed Plastic Tape Reel 7 inch;500;0.13100 g;Ni-Sn;https://www.yageo.com/en/Chart/Download/pdf/CC1210KKX5R6BB226;https://www.yageo.com/upload/media/product/productsearch/datasheet/mlcc/UPY-GPHC_X5R_4V-to-50V_30.pdf;;
CC1210KKX5R6BB476;1210_360_280_270_075_210.STEP;;General Purpose;CC X5R;General purpose X5R;1210 (3225);X5R;-55 to +85°C;10.0;47 uF;±10%;3.20 ±0.40;2.50 ±0.30;2.50 ±0.20;0.25~0.75;1.0;;;;10.00%;2.12 MΩ;150%;IEC-60384;Reflow;No;0.5 Vrms, 120 Hz;Embossed Plastic Tape Reel 7 inch;500;0.13100 g;Ni-Sn;https://www.yageo.com/en/Chart/Download/pdf/CC1210KKX5R6BB476;https://www.yageo.com/upload/media/product/productsearch/datasheet/mlcc/UPY-GPHC_X5R_4V-to-50V_30.pdf;;
CC1210KKX5R7BB106;1210_360_280_210_075_210.STEP;;General Purpose;CC X5R;General purpose X5R;1210 (3225);X5R;-55 to +85°C;16.0;10 uF;±10%;3.20 ±0.40;2.50 ±0.30;1.90 ±0.20;0.25~0.75;1.4;;;;10.00%;10 MΩ;150%;IEC-60384;Reflow;No;1 KHz, 1 Vrms;Embossed Plastic Tape Reel 7 inch;2,000;0.09040 g;Ni-Sn;https://www.yageo.com/en/Chart/Download/pdf/CC1210KKX5R7BB106;https://www.yageo.com/upload/media/product/productsearch/datasheet/mlcc/UPY-GPHC_X5R_4V-to-50V_30.pdf;;
CC1210KKX5R7BB226;1210_360_280_270_075_210.STEP;;General Purpose;CC X5R;General purpose X5R;1210 (3225);X5R;-55 to +85°C;16.0;22 uF;±10%;3.20 ±0.40;2.50 ±0.30;2.50 ±0.20;0.25~0.75;1.0;;;;10.00%;4.54 MΩ;150%;IEC-60384;Reflow;No;0.5 Vrms, 120 Hz;Embossed Plastic Tape Reel 7 inch;500;0.13100 g;Ni-Sn;https://www.yageo.com/en/Chart/Download/pdf/CC1210KKX5R7BB226;https://www.yageo.com/upload/media/product/productsearch/datasheet/mlcc/UPY-GPHC_X5R_4V-to-50V_30.pdf;;
CC1210KKX5R7BB475;1210_360_280_210_075_210.STEP;;General Purpose;CC X5R;General purpose X5R;1210 (3225);X5R;-55 to +85°C;16.0;4.7 uF;±10%;3.20 ±0.40;2.50 ±0.30;1.90 ±0.20;0.25~0.75;1.4;;;;5.00%;106 MΩ;150%;IEC-60384;Reflow;No;1 KHz, 1 Vrms;Embossed Plastic Tape Reel 7 inch;2,000;0.09040 g;Ni-Sn;https://www.yageo.com/en/Chart/Download/pdf/CC1210KKX5R7BB475;https://www.yageo.com/upload/media/product/productsearch/datasheet/mlcc/UPY-GPHC_X5R_4V-to-50V_30.pdf;;
CC1210KKX5R7BB476;1210_360_280_270_075_210.STEP;;General Purpose;CC X5R;General purpose X5R;1210 (3225);X5R;-55 to +85°C;16.0;47 uF;±10%;3.20 ±0.40;2.50 ±0.30;2.50 ±0.20;0.25~0.75;1.0;;;;10.00%;2.12 MΩ;150%;IEC-60384;Reflow;No;0.5 Vrms, 120 Hz;Embossed Plastic Tape Reel 7 inch;500;0.13100 g;Ni-Sn;https://www.yageo.com/en/Chart/Download/pdf/CC1210KKX5R7BB476;https://www.yageo.com/upload/media/product/productsearch/datasheet/mlcc/UPY-GPHC_X5R_4V-to-50V_30.pdf;;
CC1210KKX5R8BB106;1210_360_280_210_075_210.STEP;;General Purpose;CC X5R;General purpose X5R;1210 (3225);X5R;-55 to +85°C;25.0;10 uF;±10%;3.20 ±0.40;2.50 ±0.30;1.90 ±0.20;0.25~0.75;1.4;;;;5.00%;10 MΩ;150%;IEC-60384;Reflow;No;1 KHz, 1 Vrms;Embossed Plastic Tape Reel 7 inch;2,000;0.09040 g;Ni-Sn;https://www.yageo.com/en/Chart/Download/pdf/CC1210KKX5R8BB106;https://www.yageo.com/upload/media/product/productsearch/datasheet/mlcc/UPY-GPHC_X5R_4V-to-50V_30.pdf;;
CC1210KKX5R8BB226;1210_360_280_270_075_210.STEP;;General Purpose;CC X5R;General purpose X5R;1210 (3225);X5R;-55 to +85°C;25.0;22 uF;±10%;3.20 ±0.40;2.50 ±0.30;2.50 ±0.20;0.25~0.75;1.0;;;;10.00%;4.54 MΩ;150%;IEC-60384;Reflow;No;0.5 Vrms, 120 Hz;Embossed Plastic Tape Reel 7 inch;500;0.13100 g;Ni-Sn;https://www.yageo.com/en/Chart/Download/pdf/CC1210KKX5R8BB226;https://www.yageo.com/upload/media/product/productsearch/datasheet/mlcc/UPY-GPHC_X5R_4V-to-50V_30.pdf;;
CC1210KKX5R8BB475;1210_360_280_210_075_210.STEP;;General Purpose;CC X5R;General purpose X5R;1210 (3225);X5R;-55 to +85°C;25.0;4.7 uF;±10%;3.20 ±0.40;2.50 ±0.30;1.90 ±0.20;0.25~0.75;1.4;;;;5.00%;21.2 MΩ;150%;IEC-60384;Reflow;No;1 KHz, 1 Vrms;Embossed Plastic Tape Reel 7 inch;2,000;0.09040 g;Ni-Sn;https://www.yageo.com/en/Chart/Download/pdf/CC1210KKX5R8BB475;https://www.yageo.com/upload/media/product/productsearch/datasheet/mlcc/UPY-GPHC_X5R_4V-to-50V_30.pdf;;
CC1210KKX5R9BB106;1210_360_280_270_075_210.STEP;;General Purpose;CC X5R;General purpose X5R;1210 (3225);X5R;-55 to +85°C;50.0;10 uF;±10%;3.20 ±0.40;2.50 ±0.30;2.50 ±0.30;0.25~0.75;1.0;;;;10.00%;10 MΩ;150%;IEC-60384;Reflow;No;1 KHz, 1 Vrms;Embossed Plastic Tape Reel 7 inch;500;0.13100 g;Ni-Sn;https://www.yageo.com/en/Chart/Download/pdf/CC1210KKX5R9BB106;https://www.yageo.com/upload/media/product/productsearch/datasheet/mlcc/UPY-GPHC_X5R_4V-to-50V_30.pdf;;
CC1210KKX5R9BB475;1210_360_280_270_075_210.STEP;;General Purpose;CC X5R;General purpose X5R;1210 (3225);X5R;-55 to +85°C;50.0;4.7 uF;±10%;3.20 ±0.40;2.50 ±0.30;2.50 ±0.20;0.25~0.75;1.0;;;;10.00%;21.2 MΩ;150%;IEC-60384;Reflow;No;1 KHz, 1 Vrms;Embossed Plastic Tape Reel 7 inch;500;0.13100 g;Ni-Sn;https://www.yageo.com/en/Chart/Download/pdf/CC1210KKX5R9BB475;https://www.yageo.com/upload/media/product/productsearch/datasheet/mlcc/UPY-GPHC_X5R_4V-to-50V_30.pdf;;
CC1210KKX5RGBB106;1210_360_280_270_075_210.STEP;;General Purpose;CC X5R;General purpose X5R;1210 (3225);X5R;-55 to +85°C;35.0;10 uF;±10%;3.20 ±0.40;2.50 ±0.30;2.50 ±0.20;0.25~0.75;1.0;;;;10.00%;10 MΩ;150%;IEC-60384;Reflow;No;1 KHz, 1 Vrms;Embossed Plastic Tape Reel 7 inch;500;0.13100 g;Ni-Sn;https://www.yageo.com/en/Chart/Download/pdf/CC1210KKX5RGBB106;https://www.yageo.com/upload/media/product/productsearch/datasheet/mlcc/UPY-GPHC_X5R_4V-to-50V_30.pdf;;
CC1210MFX5R6BB107;1210_360_280_280_075_210.STEP;;General Purpose;CC X5R;General purpose X5R;1210 (3225);X5R;-55 to +85°C;10;100 uF;±20%;3.20 ±0.40;2.50 ±0.30;2.50 ±0.30;0.25~0.75;1.0;;;;10.00%;5.00 MΩ;150%;IEC-60384;Reflow;No;0.5 Vrms, 120 Hz;Embossed Plastic Tape Reel 13 inch;0;0.13100 g;Ni-Sn;https://www.yageo.com/en/Chart/Download/pdf/CC1210MFX5R6BB107;https://www.yageo.com/upload/media/product/productsearch/datasheet/mlcc/UPY-GPHC_X5R_4V-to-50V_30.pdf;;
CC1210MFX5R7BB107;1210_360_280_270_075_210.STEP;;General Purpose;CC X5R;General purpose X5R;1210 (3225);X5R;-55 to +85°C;16;100 uF;±20%;3.20 ±0.40;2.50 ±0.30;2.50 ±0.20;0.25~0.75;1.0;;;;10.00%;5.00 MΩ;150%;IEC-60384;Reflow;No;0.5 Vrms, 120 Hz;Embossed Plastic Tape Reel 13 inch;4,000;0.13100 g;Ni-Sn;https://www.yageo.com/en/Chart/Download/pdf/CC1210MFX5R7BB107;https://www.yageo.com/upload/media/product/productsearch/datasheet/mlcc/UPY-GPHC_X5R_4V-to-50V_30.pdf;;
CC1210MFX5R8BB226;1210_360_280_280_075_210.STEP;;General Purpose;CC X5R;General purpose X5R;1210 (3225);X5R;-55 to +85°C;25;22 uF;±20%;3.20 ±0.40;2.50 ±0.30;2.50 ±0.30;0.25~0.75;1.0;;;;10.00%;22.7 MΩ;150%;IEC-60384;Reflow;No;0.5 Vrms, 120 Hz;Embossed Plastic Tape Reel 13 inch;0;0.13100 g;Ni-Sn;https://www.yageo.com/en/Chart/Download/pdf/CC1210MFX5R8BB226;https://www.yageo.com/upload/media/product/productsearch/datasheet/mlcc/UPY-GPHC_X5R_4V-to-50V_30.pdf;;
CC1210MKX5R5BB107;1210_360_280_270_075_210.STEP;;General Purpose;CC X5R;General purpose X5R;1210 (3225);X5R;-55 to +85°C;6.3;100 uF;±20%;3.20 ±0.40;2.50 ±0.30;2.50 ±0.20;0.25~0.75;1.0;;;;10.00%;1 MΩ;150%;IEC-60384;Reflow;No;0.5 Vrms, 120 Hz;Embossed Plastic Tape Reel 7 inch;500;0.13100 g;Ni-Sn;https://www.yageo.com/en/Chart/Download/pdf/CC1210MKX5R5BB107;https://www.yageo.com/upload/media/product/productsearch/datasheet/mlcc/UPY-GPHC_X5R_4V-to-50V_30.pdf;;
CC1210MKX5R5BB226;1210_360_280_270_075_210.STEP;;General Purpose;CC X5R;General purpose X5R;1210 (3225);X5R;-55 to +85°C;6.3;22 uF;±20%;3.20 ±0.40;2.50 ±0.30;2.50 ±0.20;0.25~0.75;1.0;;;;10.00%;4.54 MΩ;150%;IEC-60384;Reflow;No;0.5 Vrms, 120 Hz;Embossed Plastic Tape Reel 7 inch;500;0.13100 g;Ni-Sn;https://www.yageo.com/en/Chart/Download/pdf/CC1210MKX5R5BB226;https://www.yageo.com/upload/media/product/productsearch/datasheet/mlcc/UPY-GPHC_X5R_4V-to-50V_30.pdf;;
CC1210MKX5R5BB476;1210_360_280_270_075_210.STEP;;General Purpose;CC X5R;General purpose X5R;1210 (3225);X5R;-55 to +85°C;6.3;47 uF;±20%;3.20 ±0.40;2.50 ±0.30;2.50 ±0.20;0.25~0.75;1.0;;;;10.00%;2.12 MΩ;150%;IEC-60384;Reflow;No;0.5 Vrms, 120 Hz;Embossed Plastic Tape Reel 7 inch;500;0.13100 g;Ni-Sn;https://www.yageo.com/en/Chart/Download/pdf/CC1210MKX5R5BB476;https://www.yageo.com/upload/media/product/productsearch/datasheet/mlcc/UPY-GPHC_X5R_4V-to-50V_30.pdf;;
CC1210MKX5R6BB107;1210_360_280_270_075_210.STEP;;General Purpose;CC X5R;General purpose X5R;1210 (3225);X5R;-55 to +85°C;10;100 uF;±20%;3.20 ±0.40;2.50 ±0.30;2.50 ±0.20;0.25~0.75;1.0;;;;10.00%;1 MΩ;150%;IEC-60384;Reflow;No;0.5 Vrms, 120 Hz;Embossed Plastic Tape Reel 7 inch;500;0.13100 g;Ni-Sn;https://www.yageo.com/en/Chart/Download/pdf/CC1210MKX5R6BB107;https://www.yageo.com/upload/media/product/productsearch/datasheet/mlcc/UPY-GPHC_X5R_4V-to-50V_30.pdf;;
CC1210MKX5R6BB226;1210_360_280_270_075_210.STEP;;General Purpose;CC X5R;General purpose X5R;1210 (3225);X5R;-55 to +85°C;10;22 uF;±20%;3.20 ±0.40;2.50 ±0.30;2.50 ±0.20;0.25~0.75;1.0;;;;10.00%;4.54 MΩ;150%;IEC-60384;Reflow;No;0.5 Vrms, 120 Hz;Embossed Plastic Tape Reel 7 inch;500;0.13100 g;Ni-Sn;https://www.yageo.com/en/Chart/Download/pdf/CC1210MKX5R6BB226;https://www.yageo.com/upload/media/product/productsearch/datasheet/mlcc/UPY-GPHC_X5R_4V-to-50V_30.pdf;;
CC1210MKX5R7BB106;1210_360_280_210_075_210.STEP;;General Purpose;CC X5R;General purpose X5R;1210 (3225);X5R;-55 to +85°C;16;10 uF;±20%;3.20 ±0.40;2.50 ±0.30;1.90 ±0.20;0.25~0.75;1.4;;;;10.00%;10 MΩ;150%;IEC-60384;Reflow;No;1 KHz, 1 Vrms;Embossed Plastic Tape Reel 7 inch;2,000;0.09040 g;Ni-Sn;https://www.yageo.com/en/Chart/Download/pdf/CC1210MKX5R7BB106;https://www.yageo.com/upload/media/product/productsearch/datasheet/mlcc/UPY-GPHC_X5R_4V-to-50V_30.pdf;;
CC1210MKX5R7BB107;1210_360_280_270_075_210.STEP;;General Purpose;CC X5R;General purpose X5R;1210 (3225);X5R;-55 to +85°C;16;100 uF;±20%;3.20 ±0.40;2.50 ±0.30;2.50 ±0.20;0.25~0.75;1.0;;;;10.00%;1 MΩ;150%;IEC-60384;Reflow;No;0.5 Vrms, 120 Hz;Embossed Plastic Tape Reel 7 inch;500;0.13100 g;Ni-Sn;https://www.yageo.com/en/Chart/Download/pdf/CC1210MKX5R7BB107;https://www.yageo.com/upload/media/product/productsearch/datasheet/mlcc/UPY-GPHC_X5R_4V-to-50V_30.pdf;;
CC1210MKX5R7BB226;1210_360_280_270_075_210.STEP;;General Purpose;CC X5R;General purpose X5R;1210 (3225);X5R;-55 to +85°C;16;22 uF;±20%;3.20 ±0.40;2.50 ±0.30;2.50 ±0.20;0.25~0.75;1.0;;;;10.00%;4.54 MΩ;150%;IEC-60384;Reflow;No;0.5 Vrms, 120 Hz;Embossed Plastic Tape Reel 7 inch;500;0.13100 g;Ni-Sn;https://www.yageo.com/en/Chart/Download/pdf/CC1210MKX5R7BB226;https://www.yageo.com/upload/media/product/productsearch/datasheet/mlcc/UPY-GPHC_X5R_4V-to-50V_30.pdf;;
CC1210MKX5R7BB476;1210_360_280_270_075_210.STEP;;General Purpose;CC X5R;General purpose X5R;1210 (3225);X5R;-55 to +85°C;16;47 uF;±20%;3.20 ±0.40;2.50 ±0.30;2.50 ±0.20;0.25~0.75;1.0;;;;10.00%;2.12 MΩ;150%;IEC-60384;Reflow;No;0.5 Vrms, 120 Hz;Embossed Plastic Tape Reel 7 inch;500;0.13100 g;Ni-Sn;https://www.yageo.com/en/Chart/Download/pdf/CC1210MKX5R7BB476;https://www.yageo.com/upload/media/product/productsearch/datasheet/mlcc/UPY-GPHC_X5R_4V-to-50V_30.pdf;;
CC1210MKX5R8BB106;1210_360_280_210_075_210.STEP;;General Purpose;CC X5R;General purpose X5R;1210 (3225);X5R;-55 to +85°C;25;10 uF;±20%;3.20 ±0.40;2.50 ±0.30;1.90 ±0.20;0.25~0.75;1.4;;;;5.00%;10 MΩ;150%;IEC-60384;Reflow;No;1 KHz, 1 Vrms;Embossed Plastic Tape Reel 7 inch;2,000;0.09040 g;Ni-Sn;https://www.yageo.com/en/Chart/Download/pdf/CC1210MKX5R8BB106;https://www.yageo.com/upload/media/product/productsearch/datasheet/mlcc/UPY-GPHC_X5R_4V-to-50V_30.pdf;;
CC1210MKX5R8BB226;1210_360_280_270_075_210.STEP;;General Purpose;CC X5R;General purpose X5R;1210 (3225);X5R;-55 to +85°C;25;22 uF;±20%;3.20 ±0.40;2.50 ±0.30;2.50 ±0.20;0.25~0.75;1.0;;;;10.00%;4.54 MΩ;150%;IEC-60384;Reflow;No;0.5 Vrms, 120 Hz;Embossed Plastic Tape Reel 7 inch;500;0.13100 g;Ni-Sn;https://www.yageo.com/en/Chart/Download/pdf/CC1210MKX5R8BB226;https://www.yageo.com/upload/media/product/productsearch/datasheet/mlcc/UPY-GPHC_X5R_4V-to-50V_30.pdf;;
CC1210MKX5R8BB475;1210_360_280_210_075_210.STEP;;General Purpose;CC X5R;General purpose X5R;1210 (3225);X5R;-55 to +85°C;25;4.7 uF;±20%;3.20 ±0.40;2.50 ±0.30;1.90 ±0.20;0.25~0.75;1.4;;;;5.00%;21.2 MΩ;150%;IEC-60384;Reflow;No;1 KHz, 1 Vrms;Embossed Plastic Tape Reel 7 inch;2,000;0.09040 g;Ni-Sn;https://www.yageo.com/en/Chart/Download/pdf/CC1210MKX5R8BB475;https://www.yageo.com/upload/media/product/productsearch/datasheet/mlcc/UPY-GPHC_X5R_4V-to-50V_30.pdf;;
CC1210MKX5R9BB106;1210_360_280_270_075_210.STEP;;General Purpose;CC X5R;General purpose X5R;1210 (3225);X5R;-55 to +85°C;50;10 uF;±20%;3.20 ±0.40;2.50 ±0.30;2.50 ±0.30;0.25~0.75;1.0;;;;10.00%;10 MΩ;150%;IEC-60384;Reflow;No;1 KHz, 1 Vrms;Embossed Plastic Tape Reel 7 inch;500;0.13100 g;Ni-Sn;https://www.yageo.com/en/Chart/Download/pdf/CC1210MKX5R9BB106;https://www.yageo.com/upload/media/product/productsearch/datasheet/mlcc/UPY-GPHC_X5R_4V-to-50V_30.pdf;;
